[PAGE 457]

桩基工程手册（桩和桩基础手册）假定方程（17-4）的解为幂级数并予以展开，根据不同的边界条件就可得出关于桩身内力和变形的全部解。

当桩底换算埋深αh（h为实际理深）足够大，而桩顶没有约束时，在桩顶（土面）荷载水平力H。和弯矩M作用下，桩身不同深度处的水平向变位为：

Mo

(17-6)

y=

B.

α²EI

α²EI

桩身不同深度处的转角、弯矩和剪力为：

(17-7)

H

M,AM+MBM

(17-8)

V.=HAv+aMB

(17-9)

上列式中Ay、B、A、B、AM、Bu、Av、B、等都是关于桩底埋深h（表示为桩底换算埋深αh）和计算截面深度x（表示为计算截面换算深度αz）的函数，可表示为表17-1、表17-2所示的无量纲系数。以上分析方法通常称为m法。m法的主要缺点是难以确切反映桩周为成层土和土体变形较大的情况。

系数A、By、A、B

表17-1

Ay

By

Ag

B

ah

2.4

3.0

4.0

4.0

3.0

2.4

4.0

3.0

2. 4

4.0

3. 0

2. 4

1.758

2.441

1.621

0.0

2.727

3.526

1. 758

-2.327

-1.751

1. 819

-2. 013

2.327

1,621

2,376

1,309

1. 738

0.2

2.118

3.062

1.291

2.307

1.551

1.619

2.027

1. 901

1.601

1. 650

1. 868

2.382

-1. 609

1.322

0.5

0.870

0.887

1.338

1.502

2.210

-1.254

-1.732

1.062

0.7

1.360

1. 550

1. 950

0.639

0.723

1.010

1.396

1.535

-1. 132

1.544

2.111

0.866

0, 970

1. 118

1.0

0. 586

1.197

—1.343

1.936

0.793

1.343

0.361

0.429

-1. 291

0.446

1.5

0.534

0.091

0.025

-0. 818

-0.997

-1. 663

-0. 418

-0.506

0.466

0.063

-0.982

-0.342

0.147

0.108

2.0

0.076

0.099

-0.425

-0. 471

0.723

1.517

0.156

0..278

-0. 845

0.028

0. 004

-0.110

0. 153

0.943

-0.190

0. 258

0. 600

1.497

0. 190

2. 4

0.758

-0.828

0. 087

0. 095

3.0

-0.557

0.063

-0. 022

-0.494

-0.292

-0.070

0.108

0.015

-0.003

0. 085

4.0

表17-2

系数AM、BM、Av、B BM Bv Av Ay

3.0

2.4

3.0

2.4

4,0

3.0

2. 4

2. 4

4. 0

3.0

4.0

4.0

1. 000

1.000

1.000

1. 000

1. 000

1,000

0.0

0.956

0.950

0.196

0.998

0.998

0.997

0.936

-0,028

-0.081

-0.041

0.2

0.197

0.197

0. 138

-0.152

0.458

0.439

0.5

0.457

0.975

0. 972

0.962

0.762

0.731

0.655

-0.266

0.582

0.528

0.579

0.544

0.938

0.932

0.397

0.227

-0.253

-0.345

0.7

0.592

0. 773

0.289

0.192

-0.017

-0.351

—0. 396

-0.514

0.687

0.601

0.851

0.834

0.723

1. 0

0.467

0.542

-0. 715

0.755

-0. 140

1.5

0.652

0.445

0.641

0,447

-0. 303

0.550

0.526

0.614

0.136

0.407

0.319

0.388

0.565

-0. 574

0.449

0.526

0.423

0.118

2.0

—0.363

0.195

0.243

0.131

—0.447

—0.538

-0.395

0.443

2.4

0.193

0.076

-0.361

—0.191

3.0

4.0
