[PAGE 1012]

第六篇第三十八章单桩静载试验3根试桩实测桩顶荷载与上拔量整理成表38-15，其荷载变形U-8曲线见图38-24。

U(kN)

14.

17.5

19.4

20.0

19.

28.0

28.0

8(mm)

图38-23试桩地质柱状图图38-24试桩U~8曲线单桩竖向抗拔静载试验结果汇总表表38-15 T2 T T历时（min）荷载上拔量（mm）上拔量（mm）上拔量（mm）(kN)累计本级累计本级本级累计本级累计

0.16

0.16

0.10

0.10

0.19

0.19

0.39

0. 64

0. 80

0.49

0.72

0.91

0.47

0.82

1. 62

0.96

0.99

1.90

2. 60

0.50

1. 46

1.38

3.26

3.93

0.56

2.02

1. 46

4.72

1.33

1. 74

5.67

0.88

2. 90

2. 43

7.15

2. 74

8.41

0.84

3.74

3.26

10.41

3.59

4.64

0. 90

72.05

82.46

12.00

4. 92

16.92

6. 00

1.38

7.24

11.31

28.23

1. 24

-0. 15

16'0-

27.32

7.09

-1.62

25.70

5.75

-1. 34

-1.87

23.83

-1. 38

4.37

2.87

20. 96

2. 34

2.03

注：单桩竖向抗拔极限承载力分别为：T1=2100kN，T≥2100kN，T=1470kN。

第四节

单桩水平静载试验

一、目的、意义

在水平荷载作用下的单桩静载试验常用来确定单桩的水平承载力和地基土水平抗力系数的比例系数值或对工程桩的水平承载力进行检验和评价。当理设有桩身应力测量元件时，可测定出桩身应力变化，并
