[PAGE 458]

第三篇第十七章桩基抗震设计与计算

二、m法分析的具体应用

1.桩顶嵌固情况

在实际应用中，桩顶一般都与刚性较大的低桩承台或地下室底板相连接，因而单桩桩顶可增加一个转角为0的约束条件，即M(17-10)α²Er aEI于是，Apl=0=-Cq aMs=-(17-11)Be=0 H,式中：比值C一一与换算桩底埋深αh有关的系数。

进一步由式（17-12）、（17-13）和（17-14）得出桩顶嵌固情况下不同深度处桩身截面的位移和内力：

Ho

y=(Ay-CB)

(17-12)

rEI

(17-13)

V,=(Av-CBv)H。

(17-14)

简化如下：

Ho

H.

y=(A, 1a=.o—0.926B, lah=4.0)(17-15)α²E1(17-16)V=(Avlah=4.00.926Bvlah=4.0)H=βH(17-17)式中：β、B和B—水平位移系数、弯矩系数和剪力系数，可根据A、B、AM、BM、Av、Bv等系数的有关值算出，列如表17-3。

桩顶嵌固时弹性长桩的位移和内力系数B、M、A表17-3

0.0

0.1

0.2

0.4

0.3

0. 5

0. 6

0.9403

0.9357

0.922 8

0.9027

0.8763

0.8446

0.808 7

PM

-0.925 8

-0.630 2

—0. 726 9

-0.825 8

-0. 358 8

0.535 8

-0.444 7

1.000 0

0. 995 3

0. 9815

0.9589

0.928 0

0.889 6

0.844 5

0.8

0.7

0.9

1.0

1.4

1.2

1.6

0. 768 4

0.726 8

0.682 0

0. 635 8

0.543 2

0. 452 0

0. 365 8

AM

-0. 199 3

-0.276 4

-0.129 4

0.064 8

—0. 045 4

0.129 0

0. 187 0

B

0.793 8

0.7383

0.679 1

0.489 5

0.6173

0.3628

0.243 2

1.8

2.0

ax

2. 4

3.0

4.0

B

0.2873

0.2174

0.1056

0. 0010

-0.094 1

PM

0.222 9

0.2371

0.2187

0. 1226

0.153 8

Bv

0. 044 0

-0.152 8

-0.0863

0. 038 6
