[PAGE 254]

第三篇第十一章

一般建（构）筑物低承台桩基设计与计算续上表Le/Bc 1/d

0.169

0.177

0.112

0.126

0. 139

0.150

0.073

0.095

0.160

Co

0.044

1.855

1. 827

1.803

1.867

1.861

C

1.754

1.812

1.787

1. 761

1.814

8.211

7.797

7.605

7.446

8. 900

14.98

12.04

10. 40

8.509

9.610

0.147

0.154

0.108

0. 120

0.129

0.036

0. 062

0.138

0.081

0.096

1. 872

1. 939

1.927

1.916

1.873

1.911

C

1.865

1. 909

1.889

1, 860

8.519

9.613

9. 247

8.755

11.91

10.95

10.09

8.323

Ca

17.49

13.89

0.122

0.130

0.095

0. 105

0. 114

0.137

0,031

0. 054

0.070

0.084

C

1. 962

1.999

1.970

1. 945

1.998

1. 981

1. 962

2.010

2. 016

1. 979

10.28

9.173

9, 433

12.27

11.28

9.200

Cy

19.97

15.72

13.41

10. 72

0.110

0. 117

0.123

0. 085

0.094

0.102

0. 063

0.075

C

0.048

0.028

2. 021

2.097

2.072

2.049

2.114

2. 055

2.091

2.054

C

2.095

2.067

13. 60

12.47

11.82

11.32

10.67

10.35

10. 08

Ca

22. 42

17.55

14. 90

0. 100

0. 106

0.112

Co

0.077

0. 085

0.025

0.043

0.056

0.067

2.119

2.139

2. 099

2.178

2.147

2.174

2.220

2.150

C

2.185

2.213

11.27

12.93

12.34

10. 96

14.93

11.64

Ca

24.87

19.37

16, 40

13.66

0.091

0.097

0.103

0.051

0.061

0. 070

0.078

0.085

Co

0.022

0. 039

2.328

C

2.223

2.189

2. 280

2. 177

2.261

2.245

2.333

2.283

2.225

11. 85

27.31

13.41

12.60

16. 27

14.85

12.19

C2

14.04

21.20

17. 90

0.072

0.078

0.084

0.090

0.095

0.036

0.047

0. 057

0.065

Co

0.021

2.344

2.259

2.299

2.311

2.256

C

2.453

2.392

2.436

2.341

2.375

23.02

16.05

15.15

14.46

13.58

13.12

12.75

C2

19.40

17. 61

29.74

桩基等效沉降系数计算参数表（s/d=3）表11-27-2 Le/Be l/d

0.445

0.468

0.486

0.502

0.516

0.318

0.377

0.416

0.528

0.203

1.955

2.144

2.218

2.256

2.290

C

1.875

2.045

2.098

1.483

1.723

3.938

3.944

3.995

4.014

3.948

4.036

4.006

4.007

C2

3.679

4.053

0.346

0.364

0.380

0.394

0.213

0.263

0.298

0.324

0.406

C

0.125

1.891

1.913

1.419

1.705

1.770

1.828

C

1.559

1.662

1.801

1.935

4.158

4.038

4.017

4.384

4.237

4.193

4.000

C2

4,723

4.460

4. 861

0.330

0.342

0.265

0.285

0.302

0.317

0. 209

0.240

0.093

0.166

1. 817

1. 703

1.723

1.832

1.533

1.619

1.646

1.741

1.801

C

1. 430

4.267

4. 300

5. 010

4.855

4.559

4.340

C2

5. 900

4. 641

4. 496

5.435

0.288

0.299

0.262

0.276

0.176

0.205

0.246

Co

0.075

0.138

0.227

1. 772

1.793

1.687

1.700

1.712

1.783

1.542

1.619

1. 635

C

1. 461

4.577

6, 879

4. 623

5.010

5.346

5.073

4.958

4.869

4. 679

C2

6.137

0.268

0.258

0.233

0.246

0.179

0. 200

0.218

0.063

0. 118

0. 153

1. 774

1. 780

1. 644

1.699

1. 706

C

1,637

1.767

1. 500

1.565

1. 693

7.822

5.511

5.364

5.252

5. 030

4.958

4.899

6.826

5. 839

C

6.127
