[PAGE 148]

第二篇第六章桩基沉降

续上表

沉降比R

群桩内桩的根数n

sa/d

p/1

刚性系数K

1.00

3.28

1.33

1. 00

4.13

1.50

1. 00

2.57

1.16

1. 00

1. 05

1.62

1.00

1,28

1.00

1.16

1. 00

2.00

2.23

1.70

1.23

1. 08

1. 00

1.36

1. 08

1.00

1.33

1. 00

1.38

1. 00

1,26

1.07

1.15

1.04

1.06

1. 00

5.27

2.63

7.06

3.41

1.00

1. 00

1.00

2.24

3.59

1.96

1.59

1.00

4.23

2.16

1.00

2.63

1.00

1.72

1.00

1. 00

2.56

3.38

1.73

1.32

1.97

1. 00

1.00

1.87

1.46

2.71

1.21

1.00

1.00

2.29

1.71

1. 43

7.93

5.89

4.61

1. 00

6.40

1.00

1. 00

2.26

1. 81

1.00

3.95

3.04

4.68

3.47

1. 00

4.45

1. 00

2.52

1.00

3. 74

1.00

2.77

1. 84

1.67

2.98

1. 00

2.48

3.10

1.00

1.99

2.53

1. 00

1.46

1.98

1. 00

1.44

注：1和分别为桩长和桩间距。

（3）对R的其他影响因素a）对摩擦桩群桩，均质土厚度有限的R小于均质土厚度无限的R：

土层厚度为h的R。

(6-32)

6=

土层厚度无限的R

6为土层厚度折减系数。6值见图6-15。由图可见当h/1降低时，6减小；桩数愈多，6.减小愈明显。随l/d的增大，土层厚度的影响不太显著。

b)桩端持力层压缩性的影响图6-16为9根桩的群桩，s/d为4时，6与E/E的关系，定义为：

支撑在压缩模量为E的持力层上群桩的R。

(6-33)

在无限深土层中摩擦桩群桩R。

1.0

1.0

0.8

0.8

0.6

0.6

群桩了

v=0.5

0.4

K=100

0.2

K=1 000

0.2

图6-16持力层压缩性E的折减系数6图6-15土层厚度折减系数5
