[PAGE 1007]

桩基工程手册（桩和桩基础手册）续上表桩号项目间最大荷载（t）1986年9月日3号快压1986年8月2日快压4号慢压试验荷载采用单循环施加，每2级荷载作一次卸载直至零。预估1号、2号试桩破坏荷载800t，实际压到880t；3号、4号试桩为500t，实际压到600t.650t。

荷载分级：1号、2号桩加载按80t一级，3号、4号桩加载按50t一级。

各级荷载维持时间：快速试验为一小时，慢速按每小时沉降量小于0.1mm为稳定条件，达到稳定后再加下一级荷载。

测读时间：对桩顶沉降，快试每级加载后0、5、10、15、60min，慢试0、5、10、15.60min以后每半小时读一次。对桩身应变，快试为加载后10.30、60min每级不少三次，慢试加载后10、30、60min以后每30min测读。

3.试验成果及分析

（1）单桩极限承载力

在垂直静载试验中，由电测位移计测得各桩的沉降值见表38-10，试桩桩顶荷载Q与桩顶下沉量s的Q~s曲线见图38-19。采用Q~s曲线明显拐点法、lgQ~lgs、s~lgz、百分率法等方法综合比较后提出极限承载力建议值列表38-11。支承在黏性土混碎石中的钢管桩极限承载力为800t，打人亚黏土层中的钢筋混凝土桩极限承载力为600t。

各级荷载下各桩的桩顶沉降表38-10钢试1钢筋混凝上试3钢试2钢筋混凝士试4填充混凝土快压快压快压快压快压慢压P

(1)d

s(mm)

()d

(t)

P(t)

s(mm)

P(t)

s(mm)

s(n)

(mm)

(mrn)

(0. 02)

1.31

1.33

1. 43

5.67

3.78

11.21

2.29

6.57

10.62

3.55

4.35

4.02

10.96

23.83

12.85

5.50

5. 45

5.84

14.50

32.01

18, 47

7.81

6. 74

7.40

17.83

33.34

22.5

8. 41

10.08

9.17

47.14

21.54

27.17

11. 88

10.62

10.57

25.18

32.77

57.74

14. 00

13.63

13.18

31.40

69.92

40.25

16.68

16. 54

14.88

36.57

16.67

79. 60

58.57

19. 87

19.75

43. 69

82.47

22.64

24.12

19.18

50. 08

26.28

27.92

22.69

54.41

32.30

25.94
