[PAGE 97]

桩基工程手册（桩和桩基础手册）N。(Janbu)表4-5

1.0

1.0

1. 0

1.0

1.0

1.0

1.0

1.0

1.0

2.29

0.1

2. 06

1. 86

1.76

1.67

1.59

1.51

1.36

1.22

4.24

0.2

5.23

3.10

3.44

2. 79

2.26

2.51

1.83

1.49

11.90

0. 3

8. 69

6.35

5.42

4.64

3. 96

2. 47

3.39

1.81

26.93

0.4

17.72

11.65

9. 45

7.67

6.22

5.04

3.32

2.18

0.5

60.58

35.89

21.26

16.36

12.59

9.69

7.46

4.42

2.62

135.31

0.6

72.19

38.51

28.13

20.54

15. 01

10.96

5.85

3.12

144.10

69.23

0.7

299.93

47.99

33.26

23.06

15. 98

7.68

3.69

0. 8

123.52

659.76

285. 47

81.25

53.44

10. 01

35. 15

23.12

4.33

0. 9

1 440.29

561.23

218.69

136.51

85.21

53. 19

33.20

12.94

5. 04

1.0

3121. 07

277.68

1095.25

384. 34

134,87

79.90

47.33

5.83

16.61

当桩端为高压缩性软上，桩底端易于贯入，塑性区500 [不发展，≤60°。对于密实砂土，塑性区发展范围大，值较大，可达105°由于各家对基底破坏滑动面的假设不同，故所得到的极限桩端阻力往往又很大差异。Vesic、Janbu在评定极限桩端阻力时，除土的抗剪强度外，还考虑了土的压程缩性，这是比较合理的。

实

录

二、桩侧摩阻力的计算

在静力计算单桩承载力中，对于桩侧摩阻力9常用库伦强度表达式分析计算，即q:=C+o·tand(4-38)式中：C黏着力；

一一桩土界面上的法向应力；

一桩土界面的外摩擦角。

1.0

0.4

4的计算分总应力法和有效应力法两类，包括α

0.2

0.6

0.8

μ-tanp

法、β法、入法、Flaate法等。

图4-11N~μ、Φ的关系（Janbu,1976)

1.α法

对于饱和的黏性土，可假定土的内摩擦角p=9=0，则外摩擦角也等于零，而黏着力C=aC（C。一土的不排水抗剪强度）；α为黏着系数，它与土类、桩的类型、桩的设置方法、时间效应等有关。

Bjerrum（1953）、Fellenius（1955）Bergfelt（1957）、Tomlinson（1957，1970）等按各自的经验提出了α~Cu的关系。
