[PAGE 1018]

第六篇第三十八章单桩静载试验第一组试桩地面处位移与转角汇总表表38-19号各号号水平推力水平推力位移转角转角位移位移转角位移转角(kN)(kN)(mm)(mm)（10-弧度）（10-弧度)（10-弧度）(mu)（10-弧度）(um)

0.42

0. 30

2.14

0.24

0.38

4.17

2.00

4.69

0. 48

2.60

0.74

0.40

0.68

5.46

5.78

2.56

7.21

6.97

1.08

0.58

1.02

0.70

3.04

1.47

0. 80

1.52

8. 96

4.28

9.14

3.90

13.30

13.88

1.97

1.02

2.08

1.12

6.42

6.06

8.62

19.88

8.66

1.26

18. 24

2.51

2.75

1.38

11.92

3.50

1.66

24. 70

11.44

27.90

3.38

1.74

△x

(mm/kN)

A

0.6

/kN)

0.6

0.5

0.5

0.4

0.3

0.3

0.2

0.2

0.1

0.1

1020H405060H8090H（KN)10 20 H 40 H 60 H(kN)

a)

b)

图38-30H~△Xo/△Ho曲线a）第一组；b）第三组取u=2.441，计算试桩处离地面以下2（d+1）米深度内地基土水平抗力系数m。三组水平试桩试验结果汇总如表38-20所示。

表38-20

三组水平试桩试验结果汇总表试桩号第三组第一组第二组项日单桩水平极限荷载H（kN）单桩水平临界荷载Ha（kN）临界荷载下地面处位移X（mm）

1. 97

2.63

2.6

2~3

2~3

1.5~2.5

最大弯矩面距地面深度（m）第一弯矩零点截面距地面深度（m）

6.3

7.5

6.0

地面以下2（d+1）米深度内地基土水平抗力系

26.2

13.8

19.7

数的比例系数m（MN/m4)（二）某码头水上钢管桩水平静载试验

1.试验概况

本处一根开口钢管桩现场水平静载试验仍属前文的某码头工程。试验着重研究水平荷载作用下试桩的实际工作状态，通过试桩测定桩身弯矩、桩顶转角，确定地基水平承载力、地基抗力系数以及桩在泥面以下的嵌固深度，为今后采用全直桩码头设计积累资料。
