[PAGE 255]

桩基工程手册（桩和桩基础手册）续上表Lc/Be p/1 Co

0.055

0.136

0. 104

0.160

0.196

0.180

0.210

0.223

0.234

0.244

C

1.663

1.662

1.542

1. 695

1,709

1.711

1.712

1. 775

1.777

1.780

C

8.741

7.506

6. 680

5.683

6.331

5.949

5.772

5.383

5.297

5.226

Co

0.085

0.044

0.112

0.133

0. 150

0.165

0. 199

0.189

0. 178

0. 208

C

1.632

1.715

1. 667

1.729

1.759

1. 799

1. 750

1. 743

1. 808

1.804

C

10.54

8.845

7.774

7.309

6.822

6.410

6.588

6. 093

5.978

5.883

C

0.036

0.072

960 °0

0. 114

0. 130

0.143

0.155

0.165

0.174

0.182

C

1.726

1. 805

1.746

1. 778

1.819

1.786

1,855

1, 801

1.843

1.832

C2

12.29

8. 860

10. 17

8. 284

7.694

7.405

6.662

7.185

6.805

6.543

0. 031

0. 063

0.084

0.101

0.115

0.127

0.137

0.146

0,155

0.163

C

1.822

1. 828

1. 885

1.845

1. 885

1,858

1.834

1. 907

1.888

1. 870

C.

9.944

14.03

11.49

9. 259

8.224

7.962

7.520

8.568

7.348

7.206

Co

0.028

0.056

0,075

0.090

0.103

0.114

0.123

0.132

0.140

0.147

C

1. 920

1.913

1. 968

1.916

1. 918

1.954

1. 962

1. 885

1. 936

1.911

C2

12.80

15.76

11.03

10.24

9.047

8.742

9.444

8.238

8.038

7.871

0.025

Co

0.068

0.050

0.093

0.081

0.103

0.112

0.120

0.127

0.134

C

2. 019

2. 000

2.053

1. 988

2.025

1. 979

1. 938

2.019

1.985

1. 954

Ce

11.22

14.12

12.12

17.48

10.33

9.874

9.527

8.731

8.959

8.540

Co

0.022

0.045

0.062

0.074

0. 085

0.095

0.103

0,110

0.117

0.123

C

2.139

2.118

2.087

2.096

1. 998

2.060

2.041

1. 991

2.076

2.036

Cz

15. 44

19.20

13.21

12.21

11.21

10.71

10.32

9.684

9.427

9. 211

C

0.042

0.057

0.021

0.069

0.079

0.087

0.095

0.102

0.108

0. 114

C

2.218

2.174

2.225

2.133

2.168

2.103

2.044

2.133

2.086

2.042

C2

20.93

16.77

14.31

13.20

12.10

11.54

10.41

11.11

10.13

9.886

桩基等效沉降系数计算参数表（s/d-4）表11-27-3 Le/Be 1/d Ca

0.203

0.354

0,422

0. 464

0.495

0.519

0.538

0.555

0.568

0.580

1.786

C

1.445

1.986

2.101

2.213

2.286

2.349

2.434

2.484

2.530

2.633

C2

3.243

3.340

3,444

3.466

3.488

3. 431

3.433

3.447

3.457

0.125

0.237

0. 294

0.332

0.361

0.384

0. 403

0.419

0.443

0. 445

C

1.570

1. 378

1.756

1. 695

1.870

1. 830

1. 906

1.972

2.000

2.027

C

3.707

3.873

3.743

3.612

3.729

3. 630

3.500

3.490

3.579

3.482

Co

0.185

0.234

0.093

0.269

0.296

0.317

0.335

0.351

0.364

0.376

C

1. 626

1. 666

1. 384

1,524

1.729

1.781

1,757

1. 881

1,843

1.863

C2

4.571

4.458

4.188

3.904

4.107

3.951

3.866

3.736

3,712

3.693

0.075

0.153

0.198

0.230

0.254

0.275

0.306

0.331

0.319

0.291

C

1.408

1.521

1.611

1.638

1.695

1.713

1.730

1.791

1.805

1. 818

Cg

5.361

5. 024

4.636

4.502

4.297

4.225

4.169

4.009

3.973

3.944
