[PAGE 257]

桩基工程手册（桩和桩基础手册）续上表Le/Be l/d C

0.075

0.168

0.218

0.252

0.278

0.299

0.317

0.332

0.345

0.357

C

1.372

1.651

1.513

1. 615

1.712

1.735

1.755

1.818

1.834

1.849

4.407

4. 036

4.316

3.957

3.792

3.745

3.708

3,522

3.566

3.542

Co

0.063

0.145

0.190

0.267

0.246

0.222

0.298

0.283

0.310

0.322

C

1.517

1. 399

1. 609

1. 690

1. 633

1.705

1.717

1.791

1.800

1. 781

C

5.049

4.792

4. 418

4.096

4.301

4.031

3.982

3.754

3. 8123

3.780

Co

0.055

0.128

0. 170

0. 199

0.222

0.241

0.257

0.271

0.283

0.294

C

1. 431

1. 531

1.617

1.684

1.630

1.692

1. 679

1. 767

1. 762

1. 770

Ca

5. 258

5. 668

4.796

4. 644

4.401

4.320

4, 259

4.022

4.063

3.990

C

0.167

0.044

0.105

0.141

0, 188

0.205

0. 219

0.232

0.243

0.253

C

1. 498

1.650

1.573

1. 646

1. 695

1.746

1.683

1. 689

1. 751

1.741

6. 176

6. 865

5.547

5.013

5.331

4.817

4.902

4.568

4.512

4.467

0.036

0. 089

0. 121

0. 114

0.163

0.192

0.179

0. 204

0.214

0.224

C

1.569

1. 695

1. 623

1.675

1. 720

1. 703

1.868

1. 758

1.743

1. 730

C2

8.034

7.085

6. 296

6.018

5.628

5.379

5.486

5.078

5.006

4.948

Co

0.078

0.031

0. 106

0.128

0.159

0.145

0. 171

0.182

0. 192

0. 201

C

1,642

1.678

1. 710

1.745

1. 753

1. 724

1.772

1. 697

1.749

1.727

C

6.709

9.192

7.994

7.046

6.246

5.590

0.746

5.943

5.502

4. 429

Co

0. 028

0. 069

0.095

0.114

0. 130

0. 143

0. 155

0.165

0.182

0.174

C

1. 715

1.735

1. 799

1.748

1.789

1. 712

1.749

1.719

1.760

1. 730

C

7.800

8. 905

10.35

7.403

6.664

6.868

6. 509

6. 104

5. 999

5.911

Co

0.025

0.063

0,086

0.104

0.118

0.141

0.131

0.151

0.159

0. 167

1.788

1.793

1. 854

1.788

1.827

1. 730

1. 776

1. 812

1. 773

1.737

C2

11. 50

8.558

9.820

8,102

7.493

7.258

7.077

6. 497

6.620

6.393

0.022

0.057

0.079

0.095

0. 109

0. 120

0. 130

0.139

0. 147

0.154

C

1. 851

1.909

1. 861

1. 830

1.749

1.866

1.805

1. 835

1. 789

1. 745

Cz

10.74

12.65

9.321

8. 805

8.123

7.854

7.138

7,647

6.996

6.876

Co

0.072

0.021

0.052

0. 088

0.100

0.111

0.120

0. 129

0.136

0. 143

C

1. 934

1. 909

1.871

1. 966

1. 905

1.834

1. 769

1. 859

1.805

1. 755

10. 09

13.81

11.67

9.512

8. 755

8.453

8.218

7.495

7.657

7.358

桩基等效沉降系数计算参数表（s/d=6)表11-27-5 Le/Be P/1 C

0.203

0.423

0.506

0.555

0.588

0.613

0.633

0. 649

0.663

0.674

1.956

C

1.393

2.277

2.485

2. 658

2.789

2.902

3.099

3,021

3.179

Ca

1.438

2.152

2. 365

2. 538

2. 503

2.581

2. 603

2.568

2.596

2.599

0.350

0.125

0.393

0.281

0.449

0. 424

0.468

0.485

0.511

0. 499

C

1.328

1. 623

1.793

1.889

2.210

1. 983

2.044

2.096

2.169

2. 247

C2

2.421

2. 870

2.881

2.927

2.879

2. 886

2.887

2.818

2.817

2.815
