[PAGE 253]

桩基工程手册（桩和桩基础于册）根据不同桩数计算结果，经统计给出了桩基等效沉降系数的计算公式：

=C+

(11-54)

C(n,-1)+C2

B

(11-55)

式中：n

-矩形布桩时的短边布桩数，当布桩不规则时可按式（11-55）近似计算，当mg小于1时，取n=l;

C,C,C

根据桩群不同的距径比（桩中心距与桩径之比）s/d、长径比l/d及基础长宽比L/B，由表11-27-1~表11-27-5取用；

一分别为矩形承台的长、宽及总桩数。

L.、B、n

当布桩不规则时，等效的距径比可按下式近似计算。

圆形桩：

VA

(11-56)

√nd

d

方形桩：

0.886√A

Sa

(11-57)

√nb

p

式中：A

一桩基承台总面积；

b

方形桩截面边长。

桩基等效沉降系数计算参数表（s/d=2）表11-27-1 r-c/B.1/d Co

0.203

0.282

0. 329

0.363

0.389

0.410

0.428

0. 443

0.456

0. 468

C

1.543

1. 845

1.687

1.797

1.981

1. 915

1. 949

2. 047

2. 073

2.098

5.563

C2

5. 356

5.086

5.020

4.843

4.878

4.817

4.704

4.690

4. 681

Co

0.125

0.188

0. 228

0.258

0.282

0.301

0.318

0.333

0.346

0.357

G

1.573

1.487

1.653

1.676

1.731

1. 750

1. 768

1. 828

1.844

1.860

C2

7.000

6. 260

5.737

5.535

5.292

5.191

4.949

5.114

4.903

4.865

Co

0. 146

0.180

0.207

0.228

0.246

0.262

0.275

0.287

0. 298

C

1.508

1. 568

1.637

1. 647

1. 696

1.707

1.718

1. 776

1.787

1. 798

C2

7.252

6. 208

8.413

6.520

5.722

5.878

5.320

5. 604

5.393

5.259

0.075

0.120

0. 151

0.175

0. 211

0.194

0.225

0.238

0. 249

0.231

C

1.548

1.592

1. 654

1. 656

1. 701

1. 706

1. 712

1.777

1.783

1. 770

C2

8. 236

7.310

6. 879

9.783

6.123

6.486

6.280

5.870

5.771

5.683

Co

0.068

0. 103

0.152

0. 170

0.186

0. 131

0.211

0.221

0.199

0.231

1.596

1.724

1.628

1. 686

1. 679

1.722

1.783

1.722

1.786

1. 789

C

11, 12

9.205

7.583

8.094

6.841

6. 647

7.095

6.353

6. 230

6. 128

0.090

0.116

0.135

0.152

0.055

0.166

0. 179

0.190

0.200

0. 209

1. 646

1. 669

1,724

1. 711

1.753

1.748

1.745

1. 806

1. 806

1. 806

12.43

8.868

7.700

7.400

10.16

8. 264

7.170

6.836

6. 689

6.568
