[PAGE 147]

桩基工程手册（桩和桩基础手册）

（1）厚层均质土刚性承台摩擦桩群桩沉降比R的弹性理论解表6-1给出了均质土中方形群桩R，的理论解、桩间距s。由表可见，当s/d减小，R增大。桩数增多，R。也增大，K增大，R。也增大。由分析表明，群桩的排列布置对于R的影响不大。例如由16根桩组成的群桩，按4X4排列与按8X2排列的R.值相近。

厚层均质土刚性承台摩擦桩群桩R的弹性理论解表6-1沉降比R群桩内桩的根数#sa/d l/d刚性系数K

2.25

2.54

2.62

3.80

4.42

4.48

6.53

5.49

6. 40

8. 48

8. 68

7.20

1.73

2. 49

1. 88

1. 90

3.25

3.82

2.82

2.85

3.98

3.74

4.70

4.75

1.39

1.48

1.50

1.76

2.46

1.98

1.99

2.14

2.46

2.95

2.95

2.53

2.14

2.65

2.87

7.44

3.64

4.84

11.25

5.29

5.38

8. 10

7.25

10.28

1. 74

2. 09

2.19

2.61

3.74

3.54

4.96

3.48

4.48

5.34

6.50

7.03

1.95

2.57

1. 46

1.74

1.78

2.46

2.73

3.63

2.98

4.28

3.43

4.50

2.31

2.56

3.79

3.01

8. 94

4.52

5.66

5.65

7.05

7.65

9.91

12.66

2.44

1.81

2.10

2.75

3.51

4.29

3.72

5.11

6.37

4.74

6.64

8.67

2. 04

2.04

1.50

1. 78

2.59

3.73

4. 65

2.72

3.29

3.16

4.76

6.04

2.27

2.26

3.16

4.05

6.50

6,14

4.11

6.15

8.40

9.25

9.92

14.35

2.01

1. 88

5.18

2.64

2.94

3.38

4.87

6.75

10.55

4.05

4.98

7.54

1.56

1.76

2.28

2.73

3.93

2. 80

2.17

3.81

5.82

3.48

5.00

7.88

注：和s分别为桩长和桩间距。

当桩数超过16时，R。与桩数的平方根近似成线性增长。因此对于给定的s/d、K、l/d，R。值可以由下式依据16根桩的群桩和25根桩的群桩的R推求：

R=（R25-R16）（Wn-5)+R25(6-31)一分别为25桩群桩和16桩群桩的R值（见表6-1）；

式中：R25、R16—一群桩的桩数。

（2）刚性承台下支撑于刚性层端承桩群桩R。的弹性理论解表6-2给出了方形端承群桩R，的理论解，由表可见当s/d减小、桩数增多、l/d增大时，R，均增大，但当K增大时，R减小，K→∞o，桩顶荷载直接传到桩端刚性层，R=1.0，这个变化与摩擦桩相反。

R。=1.0意味着群桩的沉降相当于单桩的沉降。

均质土内刚性承台下端承桩群桩的沉降比表6-2沉降比R。

群桩内桩的根数

38/d

l/d

刚性系数K

1. 00

1. 00

1.31

1.00

1. 14

1.00

1. 49

1.00

1.00

1.00

1.00

1.63

1.08

1. 00

1. 00

1.14

1. 00

1.12

1.02

1.00

1.15

1.03

1. 02

1.00

1. 00

1.01

1.00

1. 02

1. 00

1. 00

1.02

1. 00

1. 00

1.02

1.00

1.00
