[PAGE 172]

第二篇第七章桩在水平荷载下的承载力与位移式（7-13）中的yH、yM、PH、M是把露出段作为下端嵌固、跨度为l的悬臂梁计算而得，即HI3 M?

YH =

2EI

(7-16)

—Ml。

—Hl

PH =

;PM=

EIJ

2EI

将yo、yH、PH、yMy代人式（7-13）再经过整理归纳，便可得到如下表达式H M y=B、1 a*EIα²E1(7-17)H M Bp1 Ag+\a²EI aEI式中：Ax、Bx=AgB均为h=ah及l=al的函数，当αh≥4.0时，可查表7-4。

表7-4

桩顶位移系数（ah≥4.0）Bpt Aq1=Byi alo Aq=B Bql Ay1 Ay alo

1. 750 58

1.621 00

0. 0

2. 440 66

17,793 44

5.95058

1.99112

1.950 58

4.2

71. 633 29

3.161 75

0.2

6. 150 58

78. 991 35

19.003 55

4.4

2,150 58

2.401 23

0. 4

4.038 89

20.253 67

6. 350 58

86.841 47

2. 350 58

4.6

2.85135

5,088 07

0. 6

21.54378

6. 550 58

95.199 62

2.550 58

4.8

3.34146

6.325 30

0.8

22.87390

6.750 58

104.081 83

2.750 58

7.766 57

3.87158

5.0

1.0

24.244 02

6. 950 58

113.504 08

2.950 58

5.2

4.44170

9. 427 90

1.2

25.654 13

7.150 58

3. 150 58

123.482 37

5.4

1.4

5.05181

11.315 26

27. 104 36

7.350 58

134, 032 71

3.350 58

5.6

13. 474 68

5. 701 93

1.6

7.550 58

145. 17110

28.594 36

3.550 58

5.8

1.8

15.89214

6.392 04

30.124 48

7.750 58

156.91354

3.750 58

6.0

7.12216

2.0

18.59365

8. 150 58

182.274 55

33.304 71

6. 4

7.892 28

3. 950 58

2.2

21.595 20

8.550 58

24. 912 80

210.243 75

36. 644 94

4. 150 58

6.8

8. 70239

2.4

8. 950 58

40,145 18

240.949 13

28. 562 45

9.552 51

4. 350 58

7.2

2.6

9.350 58

43.805 41

274. 518 69

4. 550 58

7.6

32. 560 14

10.442 62

2.8

47.625 64

9. 750 58

8.0

311.080 45

4.75058

36. 921 88

11.37274

3. 0

10. 250 58

52.625 93

4.950 58

8.5

361.18540

41. 663 67

12.342 86

3.2

416. 415 64

10. 750 58

9.0

57,876 22

5.15058

13.35297

3.4

46.801 50

477.02117

63.37651

11. 250 58

5. 350 58

9.3

52.351 38

14.403 09

3.6

543.251 99

69. 126 80

11. 750 58

10.0

15. 493 20

5. 550 58

58.329 30

8%

64, 751 27

5. 750 58

16.62332

4.0

3.水平地基比例系数m与桩在地面处水平位移yo的关系根据水平荷载试验结果的H~y曲线，通过公式（7-9a）确定a，进而可得到m值。m值随着桩在地面处的水平变位增大而减小。

图7-7a）是两根钢筋混凝土桩的荷载试验结果，由图可以看到m值随着桩在地面处水平位移yo增大时的变化情况，其曲线类似双曲线。图7-7b）为代表性曲线，它可区分为I（弹性）、II（弹塑性）和IⅡI（塑性）三个区段。由图7-7a），可推论在yo=6mm左右时，桩一土体系已进人塑性区段，大直径钢筋混
