[PAGE 159]

桩基工程手册（桩和桩基础手册）桩基等效沉降系数的计算参数C、Ci、C表（s/d=5）表6-5d Le/Be B l/d

0.389

Ca

0.203

0.543

0. 464

0.510

0.567

0.587

0.603

0.617

0.628

1.864

C

1.416

2.120

2.277

2.416

2.514

2.599

2.695

2. 761

2. 821

C2

2,652

1.941

2.973

3.033

2.824

2.957

3.018

3.045

3.008

3.023

Co

0.260

0.323

0.364

0.125

0.394

0.417

0.437

0. 480

0.453

0.467

C

1.349

1.593

1.740

1. 996

1. 902

1. 818

1.952

2.065

2.099

2.131

C2

2.959

3.201

3.301

3.255

3.278

3.028

3.206

3. 120

3.116

3.112

0.093

0.202

0.257

0.295

0.323

0.345

0.379

0. 364

0. 405

C

1.351

1,528

1.766

1.645

1. 697

1. 829

1. 800

1. 893

1.938

1,916

C2

3.825

3,442

3.724

3.649

3.614

3.465

3.492

3.329

3.314

3.301

Co

0.075

0.168

0.218

0.252

0. 178

0.317

0.299

0,332

0.345

0.357

1. 372

1.615

1.651

1.513

1.712

1. 735

1.818

1. 755

1. 849

1. 834

C2

4.407

3.708

4.316

4,036

3.957

3.745

3.792

3.566

3.542

3.522

0.145

0.063

0. 190

0. 222

0.246

0.267

0.283

0.298

0.322

0.310

C

1.399

1.517

1. 609

1. 717

1. 633

1, 690

1. 705

1. 781

1.791

1. 800

C

4.418

5.049

4,792

4.301

4.096

4.031

3.982

3.812

3.780

3.754

0.055

0.128

0.170

0.222

0.199

0.271

0.241

0. 257

0. 294

0.283

1.617

1.431

1.531

1. 630

1. 697

1. 684

1.692

1.767

1.762

1. 770

C2

5.668

4.796

4.320

5.258

4.644

4.401

4.259

4.063

4.022

3.990

0. 167

0.044

0.105

Co

0.141

0.188

0. 205

0.219

0.232

0.253

0.243

C

1. 498

1.573

1. 650

1.695

1. 689

1.683

1. 646

1.746

1. 751

1.741

C2

6. 176

6.865

5.331

5.547

5.013

4.902

4.817

4.568

4.512

4.467

0.036

0. 089

0.214

0.121

0.144

0.163

0.179

0.192

0.204

0.224

1.569

1. 623

1.695

1.743

1.868

1. 675

1.720

1. 703

1. 730

1.758

5. 628

C2

8. 034

7.085

6.296

6.018

5.486

5.379

5. 078

5.006

4.948

0. 182

0.031

0. 078

0.106

0.128

0.145

0. 201

0. 159

0. 171

0.192

C

1. 745

1.678

1. 642

1. 724

1.710

1. 753

1.772

1. 697

1.749

1.727

C2

6. 709

9.192

7.994

7. 046

6.246

6. 074

5.590

5.943

5.502

5.429

0.130

0.069

0.095

0.155

0.028

0.114

0.143

0.165

0.174

0.182

C

1.735

1. 715

1.748

1.789

1.749

1. 799

1.712

1.791

1.760

1. 730

10.345

7.800

8.905

6. 868

7.403

6. 664

6.509

5.999

6.104

5. 911

Co

0.063

0. 086

0. 025

0.118

0.104

0.151

0.159

0. 131

0.141

0. 167

G

1.788

1.793

1. 854

1. 788

1.776

1.730

1. 827

1.812

1.773

1. 737

C2

11. 498

9.820

8.558

8.102

7.493

7.258

6. 620

6.497

7.077

6.393

0.022

0.057

Co

0.079

0.095

0.109

0. 120

0.139

0.147

0.130

0. 154

1. 851

1. 909

1.861

1. 866

1.830

1.805

1.749

1.835

1.789

1.745

12.653

Ca

10.741

6.996

9.321

8.805

8.123

7.854

7.647

7.138

6. 876

0.052

0.021

0,072

0. 088

0.100

0. 111

0.120

0.129

0. 136

0.143

1.934

1.909

1.966

1.871

1.905

1.834

1.769

1.859

1.805

1.755

C2

13.812

11. 667

9.512

8.755

8.453

10.089

8. 218

7.657

7.495

7.358

注：L。一群桩基础承台长度；B.一群桩基础承台宽度；一桩长；d一桩径。
