[PAGE 156]

第二篇第六章桩基沉降

续上表

Le/Be

p/1

0.357

0.333

0.346

0.318

0,301

0.282

0,258

0.228

0.125

0.188

1. 860

1.828

1.844

1.731

1.768

1.750

1.573

1.676

1. 653

1.487

4.865

4.949

4.903

5. 114

5.191

5.737

5.292

5.535

6. 260

C2

7.000

0.298

0.287

0.275

0.228

0.246

0.262

0.207

0.146

0.180

0.093

C。

1.776

1. 798

1.718

1.787

1.696

1.647

1.707

1.637

1.508

1.568

C

5.259

5. 722

5.320

5.393

5.604

6.208

5.878

6.520

8.413

7.252

Ca

0,231

0.238

0.249

0.225

0,175

0.211

0.194

C

0.151

0.120

0.075

1. 783

1.712

1.777

1. 770

1.706

1.656

1.701

1.654

1.592

C

1.548

6. 123

5.683

5. 771

5.870

6. 486

6.280

8.236

7.310

6.879

C2

9.783

0.221

0.231

0.211

0.186

0.199

0.170

0.131

0.152

0.103

0.068

1.789

1. 786

1.722

1. 724

1.783

1. 679

1.722

1.628

1.596

1.686

C

6.230

6.128

6.353

6.841

6. 647

7.095

9.205

8. 094

7.583

11.12

C2

0.209

0. 190

0.200

0.179

0.166

0.152

0. 135

0.116

0.090

0.055

1.806

1.748

1. 806

1.806

1.745

1.753

1,724

1.711

1.646

1.669

C

6. 689

6.568

7.400

6.836

7.170

7.700

8.264

12. 43

10.16

8.868

C2

0. 177

0.169

0.160

0. 150

0.139

0.126

0.112

0.095

0.073

0.044

Co

1.855

1. 803

1. 867

1.861

1.812

1.814

1.827

1.787

1.761

1.754

7.446

7.797

8.509

7.605

8.211

8.900

9. 610

12.04

10.40

C2

14.98

0.154

0.147

0.138

0. 108

0.120

0.129

0.096

0.062

0.081

0.036

Co

1. 927

1.916

1.939

1.872

1.911

1,889

1. 860

1.873

1.865

1.909

G

8.519

8.323

9.247

8.755

10. 09

9.613

11.91

10. 95

13.89

C

17.49

0.137

0.122

0.130

0.114

0.095

0.105

0.070

0.084

0.054

Co

0.031

2.016

1. 998

1.981

1.945

1.970

1.999

2.010

1.962

1.962

C

1. 979

9.200

9.433

9.173

11.28

10.28

12.27

10.72

15.72

19.97

13.41

C2

0.123

0.117

0.102

0.110

0.085

0.094

0. 075

0.048

0.063

0.028

Co

2.072

2.049

2.097

2.021

2.067

2.091

2.054

2.055

2.114

2.095

C

10.08

10.35

11.32

10.67

11.82

13.60

12.47

22.42

14.90

17.55

C2

0.112

0.100

0.106

0.093

0. 067

0.085

0,077

0.056

0.043

0.025

Co

2.147

2.119

2. 178

2.099

2.139

2.174

2.185

2.220

2.150

2.213

C

11. 64

11.27

10.96

12.34

12.93

19.37

14.93

13.66

16.40

24.87

C2

0.097

0. 103

0. 085

0. 070

0. 091

0.078

0. 061

0.051

0.039

0.022

Co

2.223

2.189

2.261

2.177

2.225

2.245

2.328

2. 280

2.283

2.333

G

11.85

12.60

12.19

13.41

14.85

14.04

21.20

17.90

16.27

27.31

Ca

0.095

0.090

0.084

0.078

0.072

0.065

0.057

0.021

0.047

0.036

2.259

2.299

2.311

2.344

2.375

2.256

2.341

2.436

2.392

2. 453

C

13. 12

12.75

14. 46

15.15

13.58

23.02

17.61

16.05

19. 40

29.74

C2
