[PAGE 157]

桩基工程手册（桩和桩基础手册）桩基等效沉降系数的计算参数C、Ci、C表（s/d=3）表6-5b Le!Be l/d

0.203

0.318

0. 377

0. 416

0.445

0.468

0.502

0,486

0.516

0.528

C

1.483

1.723

1.875

2.098

1.955

2.045

2. 144

2.218

2.256

2. 290

C

3.679

4.036

4.006

3.995

4.053

3.938

4.007

4. 014

3.944

3.948

Co

0.298

0. 125

0.213

0.263

0.364

0.346

0.324

0. 380

0.394

0.406

1.662

1.559

1. 419

1. 705

1. 770

1, 801

1. 891

1. 828

1.913

1. 935

4.861

4,723

4. 460

4.237

4.384

4. 158

4.193

4.038

4.017

4. 000

Co

0.093

0.166

0. 209

0.240

0.265

0.285

0.302

0.317

0.342

0.330

1.430

C

1.619

1.533

1. 703

1.646

1.723

1.801

1. 741

1.817

1. 832

C2

5. 900

5.435

5. 010

4.855

4.641

4.559

4.496

4.300

4.340

4.267

Co

0.075

0.138

0.246

0.176

0.227

0.276

0.205

0.262

0. 288

0.299

C

1.461

1.542

1.712

1. 619

1.687

1.635

1. 700

1.772

1.793

1.783

Cg

5.570

6.879

6.137

5.346

4.958

5.073

4.869

4. 679

4.577

4.623

0. 118

Co

0.063

0.153

0.179

0.200

0.218

887 '0

0.246

0.258

0.268

C

1,565

1. 500

1.637

1.693

1.644

1.699

1. 706

1. 774

1. 767

1. 780

6. 826

C2

7.822

6.127

5.030

5.839

5.364

5.511

5.252

4.958

4.899

0.055

0. 104

0.136

0. 160

0.180

0. 196

0.223

0.210

0.234

0.244

C

1.663

1.709

1.542

1.595

1.662

1,711

1. 775

1.712

1. 777

1. 780

Ca

8.741

7.506

5.638

6. 680

5.949

5.297

6.331

5.772

5.383

5. 226

980 °0

0.044

0.112

0.133

0. 150

0.165

0.189

0.178

0. 199

0.208

1.729

1.667

1. 632

1.715

1.743

1. 759

1.750

1.808

1. 804

1.799

10.535

C2

8.845

7.774

6.822

7.309

6.588

6.093

6.410

5.978

5. 883

0.072

0.096

Co

0,036

0.130

0.114

0.143

0.155

0.165

0.174

0.182

C

1.726

1.746

1. 805

1. 778

1, 801

1. 819

1. 786

1.843

1,855

1.832

C

12. 292

10,168

7.694

8. 860

8.284

7.405

6. 805

7.185

6.662

6.543

0.084

0.031

0. 063

0. 127

0.101

0.115

0.146

0.137

0.155

0. 163

1.822

C

1.828

1.845

1. 885

1.885

1. 834

1. 858

1.888

1. 907

1.870

C2

14.029

11. 486

9. 944

9.259

8.568

8.224

7.520

7. 962

7.348

7.206

0.028

0.056

0.075

0.090

0. 103

0. 114

0.123

0.132

0.140

0. 147

1.920

1. 913

1.968

1.916

1. 954

1. 918

1. 885

1. 962

1.936

1. 911

C2

15.756

9.047

12.801

11.029

10.237

9.444

8. 742

8.238

7.871

0.025

0.068

0.050

0. 081

0.093

0.103

0.112

0.120

0.127

0.134

2.019

2. 000

2.053

1.988

2.025

1.979

2.019

1. 938

1.985

1. 954

C

17.478

14.120

11.220

12. 117

10.325

9.874

9.527

8.959

8. 731

8.540

0.022

C

0. 045

0.062

0.074

0.103

0. 085

0.095

0.110

0.123

0. 117

Gi

2.118

2.139

2.087

2. 060

2.096

2.036

2. 041

1. 998

2.076

19.200

C2

15.442

12.208

13.210

11.211

10.316

10.705

9.684

9.427

9.211

0.021

0.042

0.079

0. 057

0.069

0.087

0.095

0.102

0. 108

0.114

2.218

2,174

2.225

2.133

2.168

2.103

2.133

2.086

2.044

2.042

C2

20. 925

16.770

14.307

13.201

12.101

11.541

11.110

10.413

9.886

10.127

注：L—群桩基础承台长度；B—群桩基础承台宽度；桩长；d一桩径。
