[PAGE 135]

桩基工程手册（桩和桩基础手册）

（2）按线弹性理论作近似计算如图5-16，当硬持力层与软弱下卧层的压缩模量比小于或等于3时，公式（5-28）中群桩工作荷载作用下，土中的附加应力可近似按均质线弹性体理论计算，其计算式为：

o=a（oh-yh)

(5-30)

式中：a-作用在软弱下卧层顶面处的附加应力，有条件时可直接按Mindlin应力解计算；

附加应力系数，取值可按表5-6确定；

为桩埋深范围土的有效重度加权平均值；

Y-Oh

群桩基础底平面的压应力。

在计算群桩基础（实体基础）底端平面的压应力时，假设承台顶面荷载和实体基础自重以9/4扩散角扩散，则：

x(h+z)

F+G

(5-31)

Oh

(Bo+2l·tan

Ao+2l·tan-4/式中：1一桩人土长度；

图5-16群桩持力层下应力的近似计算桩长范围内桩侧土内摩擦角的加权平均值附加应力系数表5-6 2/By矩形基础长宽比（A/B）圆形条形(2/Do)

1.2

1.4

1. 6

1.8

2.4

Ab/B≥10

2.8

3.2

I

0.1

0. 980

0.974

0.984

0.986

0. 987

0. 987

0. 989

0.988

886°0

0.988

0. 989

0.989

0. 989

0. 960

0. 972

0.974

0.2

0.949

0.968

0.976

0.975

0.976

0. 977

0.977

0,977

0. 977

0.977

0.3

0.864

0. 880

0.899

0. 910

0.917

0.923

0.920

0.925

0.928

0, 929

0.929

0.929

0.756

0.4

0. 830

0.800

0,848

0.859

0.866

0. 870

0.878

0.875

0.881

0.879

0. 880

0. 881

0.5

0.646

0.703

0.765

0.741

0.799

0. 809

0.812

0.781

0.791

0.814

0.817

0.818

0.810

0. 6

0.547

0. 606

0.651

0. 682

0.703

0.717

0.727

0. 704

0. 749

0.753

0. 754

0.746

0.755

0. 630

0.7

0.527

0.461

0.607

0.574

0.660

0.646

0.674

0.685

0. 690

0.694

0.697

0.698

0. 8

0. 449

0.390

0.4969

0.532

0.558

0.549

0.623

0.612

0.593

0. 630

0.636

0.639

0. 642

0.392

0.9

0.332

0.437

0. 499

0.473

0.536

0.559

0.518

0.572

0.579

0.588

0.592

0.596

1.0

0.334

0. 378

0.285

0.414

0.441

0. 463

0.481

0.505

0.545

0.520

0.529

0.540

0.550

1.1

0.546

0.295

0.335

0.369

0. 396

0. 418

0. 436

0.462

0. 479

0. 488

0. 501

0. 508

1.2

0.257

0.214

0.294

0.325

0.352

0.374

0. 392

0.419

0.437

0.462

0. 470

0.447

0, 470

1.3

0.187

0.229

0.263

0.292

0.318

0.357

0. 384

0.339

0,403

0.420

0.431

0. 440

0.448

0.201

1. 4

0.165

0.232

0.260

0. 284

0.304

0.321

0.350

0.369

0.400

0.383

0. 410

0. 420

1.5

0.146

0.180

0.235

0.258

0.209

0.277

0.294

0.322

0.356

0.341

0.385

0.397

0.374

1.5

0. 187

0.130

0.160

0.210

0.232

0.251

0.267

0.294

0.314

0.348

0.329

0.360

0.371

1.7

0.117

0. 145

0. 170

0.212

0.292

0.191

0.230

0. 245

0.272

0. 307

0.326

0.340

0.355

1.8

0.106

0. 130

0.153

0.173

0.192

0. 209

0.224

0.250

0.337

0.270

0.258

0.305

0.320

0.159

0.095

0. 192

1.9

0.119

0.140

0.177

0.207

0.233

0.263

0.251

0.288

0.303

0.320

0.087

2.0

0.108

0.127

0.176

0.145

0.161

0.214

0.189

0.241

0.233

0. 270

0. 285

0.304

0. 079

0. 099

2.1

0. 116

0.133

0.230

0.148

0.163

0.176

0.199

0.220

0.255

0.270

0.292

0. 073

0.185

2.2

0.090

0.107

0.122

0.137

0.150

0.163

0.208

0.218

0.239

0.256

0.280

0.067

0.083

2.3

0.099

0.113

0.127

0. 139

0.151

0. 173

0.193

0.226

0.243

0.205

0.269

0. 062

0.077

2.4

0.092

0. 118

0.105

0.141

0.130

0, 178

0.161

0.192

0.213

0.230

0.258
