[PAGE 126]

第二篇第五章群桩竖向受压承载力G,= 10 /(s/d+ 6)(5-4)C=1+0.1(5-5)-0. 8 C=1+0.1vB/l(5-6)式中：B——承台宽度。

表5-1

粉士、砂土中的G值

said

1.1

1.2

1.0

1.0

1.3

G

(2）对黏性土中的桩基：

(5-7)

S.

6-s/d

(5-8)

5a

(5-9)

-ln[0.3

C=1+0.11n（0.5(5-10)+1以上各式中，当B/L>1时，取B/l=1。

为便于工程应用，原规范中已将n、制成表格，见表5-2。

、群桩效应系数

表5-2

土名称

粉土、砂土

黏性土

效应系数

sa/d

B/L

1.05

1.00

0.80

0. 90

1. 20

1.10

≤0.20

0.96

1,00

1.00

1.20

1,10

1.05

1.00

0. 80

0. 90

0. 96

0. 40

1.09

1.10

1.05

1. 00

1. 00

0.90

0. 96

0. 60

0.79

1.03

0. 85

0.94

1.00

0.73

1. 00

0.93

0.97

0.80

0.82

0. 89

0.95

6 °0

0.78

≥1.00

0.67

0.78

0. 86

1. 26

1.18

1.11

1.06

1. 06

1. 64

≤0.20

1.35

1. 18

1.11

1.32

1.25

1. 20

1.23

1.15

1.68

1. 40

0. 40

1.31

1.26

1.22

1.27

1.16

1.37

1.72

1.44

0. 60

1.28

1,32

1.20

1.41

1.36

0. 80

1.75

1.18

1.31

1.33

1.40

1.36

1.35

1.24

1.44

1. 79

1,52

≥1. 00

式（5-10）中，当布桩不规则时，可按下式近似计算等效距径比代替：

(5-1la)

s/d=/A/(√n·d)圆形桩：

s/d=0.886√/A/(√n·d)(5-11b)方形桩：

在用以上式子确定群桩效应系数时，还应该注意以下几点：

①当桩侧为成层土时，可按各土层类别取或按主要土层取值；
