[PAGE 348]

第三篇第十四章桥梁桩基设计与计算续上表1/6

5.0

>10.0

3.6

4.0

1.4

1.6

1.8

2.0

2.4

2.8

3.2

1.0

1.2

2/b

0.656

0.620

0.643

0.646

0.651

0.603

0.631

0,638

0.502

0.577

0.591

1.7

0.533

0.558

0.619

0. 638

0.633

0.624

0.629

0.482

0.537

0.571

0.588

0.600

0.611

0.556

1.8

0.513

0.616

0.622

0.610

0.601

0.606

0.581

0.593

0.493

0.517

0.536

0.551

0.563

1.9

0.463

0. 606

0.594

0.600

0.584

0.590

0.545

0.563

0.575

0. 446

0. 499

0.518

0.533

2.0

0.475

0.585

0.591

0.559

0.567

0.574

0.578

0.546

0.429

0. 500

0.515

0.528

2.1

0.459

0.482

0.570

0.577

0.530

0.543

0.552

0.558

0.563

0.443

0.499

0.511

0.466

0.484

2.2

0.414

0.554

0.564

0.548

0. 400

0.484

0.496

0. 528

0.537

0.544

0. 451

0.515

0.469

2.3

0.428

0.543

0.551

0.530

0.535

0.513

0.523

0.481

0.387

0.414

0.469

0.500

0.436

0.454

2.4

0.530

0.539

0.468

0.486

0.516

0.522

0.423

0.500

0.509

2. 5

0.374

0.441

0.455

0.401

0.509

0.518

0.496

0.528

0.473

0.473

0.504

0.428

0.487

2. 6

0. 442

0.362

0.389

0.410

0. 517

0.497

0,474

0.484

0.492

0.506

0.416

0.461

0.461

0.398

0.430

2.7

0. 351

0.377

0.506

0.472

0.495

0.480

0.486

0.366

0.404

0.449

0.449

0.463

0.341

0.387

0.418

2.8

0.485

0.475

0. 496

0.461

0.469

0.331

0,438

0.451

0.356

0.377

0.393

0.407

0.438

2.9

0.474

0.487

0.441

0.459

0,465

0.366

0.409

0.429

0.451

0.346

0.397

3.0

0.322

0.477

0.454

0.464

0.417

0.430

0.440

0.448

0.373

0. 387

0.398

3.1

0.313

0.337

0.357

0.468

0. 420

0.431

0.439

0.445

0.455

0.407

0.328

0.364

0.377

0.389

3.2

0.348

0.305

0.460

0.421

0.436

0.397

0.429

0.446

0. 411

0.320

0.368

0.379

3.3

0.297

0.339

0.355

0.437

0.452

0.402

0.412

0.420

0.427

0.312

0.331

0.289

0.346

0.359

0.371

0.388

3.4

0.393

0.444

0.418

0.429

0.351

0.403

0.412

3. 5

0.304

0.323

0.362

0.380

0.282

0.338

0.421

0.436

0.385

0.395

0.403

0.372

0.410

0.315

0.330

0.343

0.354

3.6

0.276

0.297

0.387

0. 395

0.402

0.335

0.377

0.413

0.429

0.346

0.364

0.308

0.323

3.7

0.269

0.290

0.405

0.422

0,379

0.328

0. 388

0.394

0.263

0.339

0.356

0.369

0.284

0.301

0.316

3.8

0.398

0.415

0.372

0.380

0.387

0.349

0.362

0.257

0.277

0.294

0.309

0.321

0.332

3.9

0.391

0.408

0.379

0.365

0.373

0.251

0.271

0.311

0.325

0.342

0.355

4.0

0.288

0.302

0.384

0.402

0.348

0.358

0.372

0.335

0.366

0.246

0.308

0.318

4.1

0.265

0.282

0.296

0.302

0.359

0.366

0.341

0.377

0.396

0.352

0.260

0. 290

0.312

0.328

4.2

0.241

0.276

0.390

0.371

0.335

0.359

0.345

0.353

0.255

0.270

0.296

0.306

0.322

0.284

4.3

0.236

0.365

0.353

0. 384

0.290

0.329

0. 278

0.339

0.347

0. 250

0.300

0.316

0.231

0.265

4.4

0.378

0.285

0.333

0.359

0.226

0.341

0.347

0.310

0.323

0.273

0.294

4.5

0.245

0.260

0.373

0. 353

0.317

0.327

0.335

0.341

0.240

0.289

0.305

0.222

0.255

0.268

0.279

4.6

0.367

0.329

0.336

0.250

0.321

0.347

0.218

0.274

0.284

0.299

0.312

0.263

4.7

0.235

0.362

0.306

0.342

0.258

0.316

0.324

0.330

0.294

0.214

0.245

0.269

0.279

4.8

0.231

0.357

0.319

0.325

0.337

0.227

0.274

0.311

0.241

0.265

0.289

0.301

0.210

0.253

4.9

0.352

0.320

0.296

0.306

0.332

0.269

0.284

0.313

0.206

0.249

0.260

5.0

0.223

0.237

注：表中1、6分别为矩形基础的长边和短边（m）：z为从基础底面算起的土层深度（m）。
