[PAGE 260]

第三篇第十一章一般建（构）筑物低承台桩基设计与计算续上表

0.020

0. 1600.2000.3000.400

0.040

0.050

0.080

0.2210.1640.0970.0640.045

1.6

0.6540.652

0.404

0.301

0.629

0.519

0.2730.2120.1640.1020.0680.048

1.7

0.4920.4910.489

0.416

0.344

0.1980.1590.1040.0700.050

0.244

1.8

0.3860.386

0.2170.1820.1510.1030.0720.052

1.9

0.3130,312

0.308

0.305

0.312

0.1420.1010.072|0.053

0.166

2.0

.218

0.192

0.259

0.259

2. 1

0.171

0.151

0.219

0.219

0.219

0.0710.054

2.2

0.1530.138

0.122

0.094

0.1880.1880.188

0.1370.125

2.3

0.164

0.164

0.164

0.0840.0670.052

2.4

0.124

0.114

0.144

0.1040.0960.0800.0640.051

2.5

0.128

0.112

0.128

0.0750. 0620. 050

2.6

.089

0.1150.115

20.0710.0590.049

2.7

0.103

0.082

0.103

0.093

0.0560.047

0.077

0.067

2.8

0.094

0.094

0.0840.0810.0790.0750.0710.0630.0540.046

2. 9

0.085

0.084

0.085

0.0770.0750.0730.0700.0660.0590.0510.044

3.0

0.078

0.0780.078

0.078

0.078

0.077

0.078

桩侧摩阻力沿桩身均匀分布时的应力影响系数（泊松比p=0.4）表11-29-2

0.0200.040

0.060

0.8410.6800.445.0.3190.2410.1860.1150.0730.046

2.0942. 0281.8581.641

1. 079

1.1

.427

1.237

0.1180.0760.050 1,0281. 0190. 9950.9570.909

0.4210.311

0.2370.186

1.2

0.856

0.596

0.800

0.692

0.3790.2930.2300.1830.1190.079

0.053

0.6700.6680.660

1.542

1.3

0. 6480.632

0.590

0.492

0.612

0.2690.2180.1770.1190.0810.055

1.4

0.4900.4890.486

60.4810.4730.465

0.454

0.430

30.1690.1170.0810.057

0.203

1.5

0.377

0.373

0.288

0.243

0.382

0.381

0.380

0.368

0.1590.1140.0810.058

1.6

0.310

0.309

0.308

0.307

.305

.218

0.187

0.1100.0800.059

1.7

0.148

0.258

0.258

0.257

.171

0.256

.255

0.1050.079|0.059

0.2200.220

1.8

0.219

0.138

0.218

0. 217

0.216

70.1000.0770.058

0.1900.1900.189

0.142

0.127

1.9

0.156

0.189

0.188

0.187

0,1180.094

0.074

0.057

0.1660. 166 0.166

0.141

0.129

2.0

.164

0.151

0.165

0.165

0.056

0.1470.1470.147

2.1

0.071

70.146

0.146

0.127

.135

0.0680.055

80.1000.084

2.2

0.131（

0.1160.108

0.131

0.130

0.130

0.122

30.0790.0650.053

0.099

0.093

2.3

0.117

0. 118

0.118

0.117

0.117

0.110

0.105

60.0740.0620.052

0.1060.1060.1060.1060.106

2.4

0.106

0.1040.1010.096

0.091

10.086

0.105

0.105

40.080

00.0700.0590.050

2.5

0.097

0.092

0.089

0.097

0.097

0.084

0.096

0.096

0.096

0.095

0.095

70.048

0.084

40.066

0.057

0.078

0.074

2.6

0.088

0.088

0.089

0.088

0.086

0.088

0.08

40.046

0.081

0.075

0.0720.069

0.0620.054

2.7

0.0810.0810.081

0.081

.078

0.081

0.080

0.080

0.0640.0580.051

10.044

2.8

0.067

0.070

0.075

0.0750.074

0.074

0.074

).074

0.074

2.9

0. 069

0.069

0.0690.069

0.069

0.069

0.069

.060

0.0590.0570.0520.046

0.041

0.060

3.0

0.062
