[PAGE 361]

桩基工程手册（桩和桩基础手册）表15-2水平集中力的横向分力在排架中上网分配系数受力各排架分配系数码头分段跨数排架

0.238(0.095)

0.524(—0.190)

0.381(-0.048)

0.381(—0.048)

0.295(0.038)

0.210(0.124)

0.210(0. 124)

0. 238(0.095)

0. 180(0. 152)

0.464(-0.179)

0.143

0.375(—0.071)

0.250(0.036)

0. 286(0.000)

0.214(0.071)

0.143

0.357(--0.071)

0. 179(0.107)

0.143

0.250(0,036)

0. 214(0. 071)

0.143(0.143)

0.143(0.143)

0.143(0.143)

0.143

0. 250(0. 000)

0.333(-0.083)

0.417(0.167)

0.167(0. 083)

0.274（-0.024)

0.333(-0.083)

0.214(0.036)

0.155(0. 095)

0. 250(0.000)

0.214(0.036)

0. 179(0. 071)

0. 143(0.107)

0. 143(0. 107)

0.131(0.119)

0.167(0.083)

0.155(0.095)

0.244(-0.022)

0.178(0.044)

0.370(—0.156)

0.111

0.311(—0,089)

0.261(-0.039)

0.111

0.311(-0.089)

0. 211(0.011)

0.161(0.061)

0. 111

0.244(-0.022)

0. 211(0. 011)

0.178(0.044)

0. 144(0.078)

0.161(0. 061)

0.144(0.078)

0.128(0.094)

0.111

0.178(0.044)

0. 111(0. 111)

0.111(0.111)

0.111(0.111)

0.111

0.111(0.111)

0.236(—0.036)

0.127(0.073)

0.182(0.018)

0.345(0.145)

0.291(—0.091)

0.248(—0.048)0,291(-0.091)

0.206(-0.006)

0. 164(0.036)

0.121(0.079)

0.236(—0.036)0.206(—0. 006)

0. 176(0. 024)

0. 145(0.055)

0. 115(0.085)

0.182(0.018)

0. 164(0.036)

0. 145(0. 055)

0.127(0.073)

0. 109(0.091)

0.121(0.079)

0. 115(0. 085)

0.109(0.091)0,103(0,097)

0.127(0.073)

0.273(-0.091)

0.227(-0.045)

0.182(0.000)

0.091

0. 310(-0.136)

0. 136(0.045)

0. 164(0.018)

0.127(0. 055)

0. 091

0.273(-0.091)0.236(—0.055)

0.020(-0.018)

0.200(-0.018)

0. 179(0. 009)

0. 145(0. 036)

0.118(0. 064)

0.091

0.227(—0.045)

0. 182(0. 000)

0.164(0. 018)

0. 145(0. 036)

0.127(0,055)

0.091

0.109(0,073)

0. 127(0. 055)

0.100(0.082)0,091

0.136(0.045)

0.118(0.064)

0. 109(0,073)G

0.091(0.091)

0. 091(0. 091)

0. 091(0.091)

0. 091(0.091)

0. 091(0. 091)160'0注：表中括弧内数值为对称排架的分配系数，以10跨码头为例，当力作用在第1排架时，第3排架分配系数为0.227，第9排架分配系数为-0.045。

都相同。

例：结构分段7跨，共有8个排架，撞击力1500kN分别作用于1和3排架，求第一排架的分配值。

查表15-2得第1个排架上作用单位水平力时，第1排架的分配系数为0.417；当第2个力作用在第1500X(0.417+0.250)=1000.5kN。

(3）船舶系缆力

系缆力N。可按照《港口工程荷载规范》JTJ215一98）10.4条有关规定计算。作为排架计算时，因为排架是平面计算体系。所以要考虑将实际的系缆力根据其平面投影与码头线的夹角α和它在竖直平面的斜向夹角β进行投影为排架方向的水平分力P和竖向分力P两个分力。
