[PAGE 158]

桩基沉降

第二篇第六章

桩基等效沉降系数的计算参数C、C、C表（s/d-4）表6-5c Le/Be p/1

0.519

0.422

0.555

0.568

0.580

0.354

0.464

0.495

Co

0.203

0.538

2.286

2.349

2.434

2. 484

2.530

1.445

1.786

1. 986

2.101

2.213

Ci

3.488

3,433

3.340

3.466

3.447

3.457

C

2.633

3.243

3.444

3.431

0.445

0.419

0.403

0.433

0.294

0.332

0.384

0.125

0.237

0.361

2.027

1. 870

1. 906

2. 000

1. 695

1.830

1.972

C

1. 756

1.378

1.570

3.612

3. 490

3.482

3.707

3.743

3.597

3.500

Ca

3.873

3.729

3.630

0.364

0.376

0. 269

0.296

0.317

60°0

0.234

0.335

0.351

C

0.185

1.757

1.781

1.843

1.863

1.729

1.881

C

1.384

1.524

1.666

1. 626

3.736

3.712

3.904

3.866

4.571

4.107

3.951

3.693

4.458

4.188

0.254

0.306

0.319

0.331

0.275

0.075

0.153

0.198

0. 291

0.230

1.805

1.818

1. 638

1. 713

1,408

1.611

1. 695

1. 730

1. 791

1.521

4.169

4,009

3.973

3.944

5.024

4.636

4.297

C2

5.361

4.502

4.225

0.274

0.132

0.286

0. 297

0.173

0.202

0.225

0.244

0.260

0.063

1.534

C

1. 770

1. 779

1.786

1.616

1. 686

1.698

1.708

1.441

1. 633

4.555

4. 293

5.578

5.081

4. 900

4.482

4.246

4.208

4.650

6. 114

0.236

0.249

0.117

0.154

0.181

0.203

0.221

0.261

0. 271

Co

0.055

1.771

1.768

1.477

1.555

1.633

1. 696

1.701

1. 764

G

1,640

1. 691

4. 887

4. 799

4.581

4.524

4. 477

6.122

5.004

C2

6. 843

5.524

5.298

0.200

0.212

0.223

0.233

0.127

0.151

0.170

0.186

C。

0. 044

0.095

1. 720

1.765

1.774

1.770

1.611

1.673

1.708

C

1.681

1. 714

1.555

5.021

8.261

7.195

5.713

5. 436

6. 402

6.093

5.556

5.163

5.085

0. 081

0. 175

0. 186

0.205

0. 109

0.148

0.196

0.130

0.162

C

0.036

1. 800

1.775

1.745

1.730

1.636

1. 674

1.740

1.718

1.787

1. 762

Ca

8. 258

5.650

5.569

9.648

7.277

6,424

6.227

6.077

5.749

6.887

0.175

0.183

0.071

0.096

0.115

0,131

0.156

0.166

0.031

0.144

1.758

1.832

1.811

1. 805

1. 791

C

1.742

1.810

1. 783

1.719

1. 768

6.902

6.219

6.120

9.319

8.152

6.721

6. 338

11.021

7.684

7.138

0. 166

0. 140

0. 150

0. 158

0.028

0,086

0.103

0.117

0. 063

0. 130

1. 812

1.867

1.803

1.811

1.824

1.789

1. 839

C

1, 872

1.821

1.861

6. 789

6.929

6.672

9.029

7.856

7.580

C2

12.387

10.381

7.369

8.485

0.152

0,093

0.107

0.118

0.128

0.137

0.145

0.025

0,057

0.077

1.940

1. 876

1.914

1.868

1. 834

G

1.887

1.882

1. 866

1. 822

1. 904

7.524

7.226

8.578

8.262

8.020

13.753

11.447

9.911

9.291

7.362

Ca

0.126

0.133

0.140

0. 108

0.051

0.071

0.085

0.098

0. 117

Co

0.022

1.943

1. 899

1. 858

1.931

1. 967

1.972

1. 953

2. 009

1. 909

1. 857

G

8.122

8.674

7.782

9.305

7.938

15. 119

12.518

10.799

10.102

8. 949

C2

0.130

0.021

0.090

0. 100

0.109

0.123

0,047

0. 079

0.117

Co

0.065

1.931

1.883

1.986

2.021

1.953

C

2.057

2.025

1. 891

1. 981

2.079

8.515

9.331

8.722

8.339

10,036

11.691

9.639

C2

16. 490

13.595

10.918

注：L一群桩基础承台长度；B-群桩基础承台宽度；I一桩长；d—桩径。
