[PAGE 160]

桩基沉降

第二篇第六章

桩基等效沉降系数的计算参数C、Ci、C表（s/d=6)表6-5e Le/Be l/d

0.663

0.674

0.649

0.633

0.613

0.555

0.588

0.506

0.203

0.423

Co

3.021

3.179

2. 902

3.099

2.789

2.277

2.485

2.658

1. 956

1.393

C

2.599

2.603

2.586

2.596

2.365

2.503

2.538

2.581

1.438

2.152

C2

0.511

0. 499

0.485

0.449

0.393

0.424

0.468

0.350

0.281

0.125

Co

2.247

2.210

2.169

2.044

2.096

1. 889

1.793

1. 983

1.328

1.623

C

2.815

2.887

2.818

2.817

2. 879

2.886

2.870

2.927

2.421

2.881

C2

0.432

0.419

0.348

0.406

0.371

0.390

0.318

0.279

0.219

Co

0.093

1. 848

1. 949

1, 975

1. 999

1.882

1. 809

1.733

1. 671

1.327

Ci

1.540

3.015

3.007

3.126

3.024

3.139

3. 126

3.153

3. 366

3.256

3.250

C2

0.369

0.380

0.340

0. 355

0.322

0.272

0.300

0.236

0.182

0.075

Co

1.884

1.868

1.735

1.850

1. 625

1.762

1.513

1.785

1. 669

C

1.344

3.214

3.227

3.428

3.374

3.243

3.398

3.565

3.607

3.815

3.740

Ca

0.332

0.343

0.319

0.304

0.266

0.287

0.207

0.240

0.157

0. 063

Co

1.807

1.816

1.731

1.796

1.717

1. 700

1. 610

1. 509

1. 640

1. 368

C

3.427

3.659

3. 445

3.703

3.625

3.468

3.877

4.311

3.950

4,242

Ca

0.291

0.314

0.216

0.276

0.240

0.260

0.184

0.139

0.055

1. 769

1.765

1.773

1. 699

1.608

1.627

1.692

1.516

1. 683

C

1.395

3.643

4.187

3.694

3.666

4. 659

3.921

3. 879

3. 977

4.288

4.858

C2

0.261

0.271

0.236

0.221

0.249

0.153

0. 181

0,203

0. 044

0.114

Co

1.721

1. 676

1.727

1. 733

1.626

1. 671

1.664

1.545

1.627

C

1.455

4.111

4.078

4.447

4.151

4.386

4.804

4.528

4.957

5. 477

5.912

C2

0.240

0.219

0.230

0.207

0.157

0.177

0.193

0.132

0.036

0,097

1.691

1. 707

1.640

1.669

1.723

1.687

1. 650

1.659

1.584

C

1.517

4.514

4. 896

4.557

4. 974

4.610

5.080

5.523

5.624

C2

6.287

6.939

0.207

0.216

0.157

0.196

0.172

0.185

0,139

0.085

0.116

0.031

C

1.672

1.722

1.645

1.675

1.697

1.706

1.698

1. 662

1.581

1.627

C

4.948

5.504

5.634

5. 406

5.071

5. 004

6.043

6.292

7.956

C2

7.097

0.196

0.188

0.178

0.168

0.156

0.076

0.125

0. 028

0.104

0.141

1.660

1.692

1. 646

1.726

1.686

1.688

1.728

1.673

1.740

Ci

1.645

5.382

5.450

6. 035

5.532

5.917

6.964

6.191

8. 968

7.908

6.667

C2

0.180

0.163

0. 172

0.113

0.153

0.129

0.142

0.025

0. 068

Co

1.692

1.734

1. 652

1. 700

1.754

1. 650

1.716

1.720

1.783

1.708

C

5.814

5.896

6.751

5.994

6. 428

7.293

6.569

7.640

9. 981

8.724

C

0.159

0.167

0. 104

.0. 150

0.131

0.118

0.141

0. 086

0.022

0. 062

Co

1.648

1.694

1, 716

1. 744

1. 780

1.657

1.745

1.772

1.827

C

1.768

6.244

6, 457

6.342

6.939

7.314

7.103

8.319

7.924

9.544

10.997

C2

0. 148

0.155

0.131

0. 140

0.121

0.110

0.096

0.057

0.079

0.021

1. 646

1.698

1.665

1.755

1.733

1. 775

1. 808

1.872

1.815

1.835

C

6.919

6. 673

6. 787

8.557

7.639

7.450

9.004

7.879

12.016

C2

10.370

注：L。一群桩基础承台长度；B。一群桩基础承台宽度；l一桩长；d—桩径。
