[PAGE 261]

桩基工程手册（桩和桩基础手册）桩侧摩阻力沿桩身线性增长分布时的应力影响系数I（泊松比u=0.4）表11-29-3

0.020|0.0400.0600.0800.1000.1200.1600.2000.300|0.4000.5000.600|0.8001.0001.200

3.3673.040

1. 1

2.5142.1171.7721.4881.0780.8130.4630.3040.2170.1640.1010.0650.043

2.920

1.4871.4711.4271.3591.2741.1801.0830.8980.7390.4670.3160.2270.1710.1060.0690.046

1.2

0.8990.8860.8660.838

1.3

0.904

0.8050.7680.689

10.1760.1100.0720.049

0. 6080.4340.3120.231

1.4

20.613

0.629

0.6270.622

0.6010.587

0.4890.3830.2930.226

0.1770.1130.0750.052

70.5700.532

1.5

0.471

0,472

0.469

0.4580.4510.4420.421

0.464

0.3970.3310.2680.215

0.1730.114

0.0770.054

1.6

0.371

0.3640.3600.3550.343

0.372

0.370

0.368

0.2410.200

0.328

0.285

0.113

0. 0790. 056

0.165

1.7

0.303

0.303

0.302

0.296

0.300

0.299

0.293

0.285

0.275

0.184

0.156

0.247

0.215

0.111

0.0790.057

1.8

0.253

0.250

0.253

0.252

0.249

0.246

0.253

0.241

0.235

0.2150.1920.1680.145

0.0780.057

0.107

1.9

0.216

0.216

0.215

0.214

0.2140.212

0.1890.171

0.211

0.207

0.203

0.0770.058

0.1530.135

0.103

2.0

0.1860.1860.186

0.186

0.185

0.184

0.183

0.180

0.177

0.167

0.154

0.139

0.125

0.098

0.075

0.057

2.1

0.1630.163

0.163

0.163

0.162

0.161

0.161

0.159

0.156

0.148

0.138

0.127

0.115

0.0730.056

0.093

2.2

0.1440.144

0.144

0.144

0.143

0.143

0.141

0.142

0.107

0.087

0.0700.055

0.129

2.3

0.129

0.1280.1280.128

0.128

0.1250.120

0.0670.054

0.126

0.114

0.106

0.082

0.1150.1150.115

2.4

0.116

0.115

0.115

0. 1120,109

0.104

0.114

0.098

0.052

0.078

0.064

0.1040.104

2.5

0.104

0.104

0.104

0.104

0.103

0.103

0.102

0.099

0.095

.073

0.061

0.051

0.0950.095

0.095

2.6

0.095

0.095

0.094

0.094

0.090

2.7

0.087

0.0870.087

0.086

0.086

0.086

0.086

0.0580.047

0.086

0.085

0.083

0.064

0.080

0.073

2.8

0.080

0.080

0.0800.079

0.080

0.079

0.078

0.079

0.076

0.074

0.079

0.071

0.061

0.053

0.045

2.9

0.073

0.0730.073

0.073

0.073

0.073

0.0720.0710.0690.0660.0630.0570.050

0.073

0.073

0.044

3.0

0.068

0.0680.0680.0670.0670.0670.0650.0640.0620.0590.0540.0480.042桩端阻力沉降影响系数（泊松比μ=0.4）表11-30-1 0,0600.0800.1000.1200,160|0.2000.3000.4000.5000.6000.8001.000|1.200.040

5.2491.7720.7730.3790.2030.1180.0500.0280.0140.0110.009

70.836

1.1

0.0080.0060.005|0.004

1.2

71.9056.2622.6391.4610.9010.5980.401

0.204

0.1160.0440.2060.020

0.0170.013

30.0100.007

1.3

72.2676.6182.979

1.775

0.6160.359

0.837

1.183

90.2250,0910.0510.035

50.0280.0200.0150.011

72. 4526. 802

1. 4

1.346

0.9900.7570.4760.3200.1440.0810.0540.0410.0280.0200.015

3.158

1.947

1.5

72.565

6.915

3.269

2.056

0.1130.075|0.056|0.036|0.026|0.019

1.4511.091

0.8540.5620.3950.194

1.6

72.6436.992

1.525

1.163

0.144|0.0970.0720.0460.0320.024

3.345

2.131

0.923

0.454

0.067

0.237

1. 7

72.7007.048

3.402

1.580

0.274|0.1730.119|0.0880.0560.039|0.028

2.187

1.217

0.976

0.6770.500

1.8

72.743

7.092

3. 445

2.230

1.623

1.259

0.3060.1980.1400.1040.0660.0460.033

1.017

0.7160.538

1.9

7.127

3.479

72.778

2. 2641. 657

1.0500.7480.569

1.293

0.333

0.221

0.1590.120

0.0530.038

0.076

2.0

72. 8067.155

3.5082.2921.685

1.321

1.0780.775

0.595

0.086

0.357

0.242

0.176

0.134

0.043

72.8307.179

2.1

3.532

2.316

1.344

1. 101

1.708

0.798

0.6170,377

0.2600.192

0.1480.096

0.049

0.067

2.2

7.199

3.552

2.336

1.3641.121

72.851

1.728

0.1060.074

0.818

0,6360.395

0. 161

0.2760. 206

0. 054

2.3

7.217

3.569

2.354

72.868

1.746

0.835

0.219

0.173

0.653

0.411

0.291

0.115

0.081

2. 4

7.2323.585

72.883

1.761

2.369

1.396

1.153

0.231

0.850

0.667

0.425

0.304

0.182

0.088

0.124

0. 065

72.897

2.5

7.246

3.598

2.383

1.775

1. 410

1.167

0. 8630.680

0.437

0.315

0.242

0.193

0.132

0.095

0.070

2.6

72.909

7.258

3.610

2.395

1.787

1.422

0.875

0,692

1. 179

0.448

0.326

0.252

0.203

0.140

0.101

0.075

72. 9207.2693.621

2.7

2.405

1.798

1.433

1.189

0.885

0.703

0.459

0.336

0.211

0.147

0.107

0. 080

0.261

2.8

72.9307.2783.631

1.199

2.415

1.807

1.442

0.895

0.712

0.468

0.345

0.270

0.219

0.085

0.154

0.113

2.9

72.939

7.287

3.640

2.424

1.816

1.451

0.904

1.208

0.1180.089

0.721

0.476

0.278

0.160

0.353

0.226

3.0

1.4601.2160.7120.729

72.9477.296

3.6482.432

0.484

0.1240.094

0.233

0.166
