[PAGE 136]

第二篇第五章群桩竖向受压承载力续上表矩形基础长宽比（A/Bs）条形z/Bb Ab/B≥10圆形

3.2

2. 4

2.8

1.6

1.8

(aa/z)

1. 4

1.2

0.249

0.131

0.202

0.219

0.167

0.181

0.151

0.121

0.097

0.109

0.085

0.057

0.072

2.5

0.239

0. 170

0.191

0.208

0. 157

0.141

0.102

0.112

0.123

0.091

0. 079

0.053

0.066

2.6

0. 148

0.234

0.182

0. 199

0.132

0. 161

0.105

0.115

0,062

0.095

0.073

0. 084

0.049

2.7

0.189

0.228

0.172

0.152

0.124

0.139

0. 099

0. 108

0.080

0.069

0. 058

0.079

0.046

2.8

0.218

0.132

0.144

0.163

0.180

0.101

0.117

0.093

0.064

0.054

0.074

0.083

0.045

2.9

0. 110

0.208

0.155

0.172

0.136

0. 124

0.070

0,095

0.078

0.087

0.051

0.040

0.060

3.0

0. 190

0. 141

0.158

0.111

0.122

0.098

0.085

0.053

0. 070

0.062

0.077

0.036

0.045

3.2

0.128

0.144

0.187

0.069

0. 088

0. 100

0.110

0.076

0.062

0.048

0. 055

0.033

0. 040

3.4

0.175

0.133

0. 100

0. 090

0.117

0. 068

0.080

0. 056

0.049

0. 062

0.042

0.036

0. 030

3.6

0.107

0.123

0.166

0,082

0.062

0. 072

0.091

0.050

0.056

0.032

0.038

0.044

0.027

3.8

0. 113

0. 158

0.075

0.099

0.056

0. 066

0.084

0.051

0. 046

0. 035

0.025

0.029

0.040

4.0

0.105

0.069

0. 150

0.051

0.091

0.060

0.042

0.048

0.037

0.031

0.026

0.023

4.2

0.144

0.084

0.098

0.070

0.047

0.055

0.063

0.024

0.034

0. 038

0.042

0, 029

0.021

4.4

0.091

0.137

0.078

0.065

0.058

0.043

0.051

0.038

0.031

0.035

0.022

0.026

0.019

4.6

0. 132

0.085

0.060

0.047

0.054

0.072

0.040

0.024

0. 036

0.018

0.032

0.028

0.020

4. 8

0.079

0.067

0.126

0. 033

0. 056

0.026

0. 037

0. 044

0.050

0. 030

0.019

0.022

0.017

5.0

（3）在《加拿大岩土工程手册》中，假定群桩的总荷载F通过实体基础底面（A×B。）以2（竖向）：1（水平向）的扩散角向下扩散，于是便可计算软弱下卧层顶面产生的应力q（图5-17），只要满足9≤3C（C，为不排水抗剪强度），则对于整体冲剪破坏的安全度是足够的。9'的计算式为：

F

(5-32)

(B+h)(Ao+h,)q IF o图5-17群柱整体冲剪计算本章参考文献[1]中华人民共和国行业标准，建筑桩基技术规范（JGJ94—94）[S].北京：中国建筑工业出版社，

1994.

[2]中华人民共和国行业标准，建筑桩基技术规范（JGJ94—2008)[S].北京：中国建筑工业出版社，

2008.
