[PAGE 262]

第三篇第十一章一般建（构）筑物低承台桩基设计与计算表11-30-2桩侧摩阻力沿桩身均匀分布时的沉降影响系数（泊松比μ=0.4）

0.020|0.0400.0600.0800.1000.1200.1600.2000.3000.4000.5000.6000.8001.000|1.200

0.2860.2130.1680.1380.1160.0870.0700.0450.0320.0240.0180.0110.0070.004

1.1

0.909

0.423

0.4200.3380.2820.2410.2100.1640.1340.0880.0640.0480.0370.0230.0140.009

1.2

1.053

0.565

40.2790.2260.1880.1280.094

0.0710.056|0.0350.0220.014

0.6470.5010.4170.3580.314

1.3.

1.135

0.0470.030|0.020

0.164

0,094

0.4720.4130.3670.3300.2740.233

0.074

1.4

1.192

0.704

0.557

0.122

0.4080.3710.3130.2690.1950.1480.115

0.0380.025

0.0910.058

1.5

1.236

0.7470.600

0.515

0.455

0.2220.171

0.300

0. 070

0.046

0.031

0.345

1.2700.7810.634

0.134

1.6

0.549

0.488

0.4420.404

0.037

0.081

0.055

0.371

0.3260.245

0.191

0.1520.123

1.7

1.2980.810

0.663

0.577

0.5160.469

0.431

0.043

0.2100.1690.137

0.6860.6000.5400.493

0.092

0.062

1.322

0.833

0.3940.348

0.266

1.8

0.454

0. 049

0.6210.5600.513

0.2840.2260.1830.1500.102

0.070

0.474

0.414

0.367

1.9

1.342

0.854

0.707

0.3000,2410.197

0.1620.112

0.0780.054

2.0

1.360

0.871

0.724

0.6380.577

0.530

0.492

0.431

0.384

0.0850.060

0.6540.5930.546

0.254

0.209

0.1740.121

0.507

0.446

0.399

0.314

2.1

1. 376

0.887

0.740

0.1300.0920.066

0.4600.412

0.221

0.184

2.2

1. 390

0.901

0.754

0.668

0.607

0.559

0.521

0.327

0.267

0.1380.0990.071

0.913

0.766

0.194

1.402

0.680

0.619

0.572

0.533

0.472

0.425

0.338

0.231

2.3

0.278

0.1450.1050.076

0. 691

0.777

0.630

0.583

0.924

0.544

0.483

0.435

50.349

0.288

0.241

0.203

2. 4

1.413

0.788

0.640

0.359

0.297

0.249

0,211

0.153

0.111

0.081

1.423

0.935

0.701

0.593

0.554

0.493

0.445

2.5

0.086

0.305

0.257

0.219

0.159

0.117

0.797

0.650

0.602

0.367

2.6

1.432

0.944

0.711

0.563

0.502

0.166

0.122

0.091

0.375

0.313

0.265

0.226

2.7

1.441

0.805

0.719

0.658

0.610

0.572

0.952

0. 510

0.232

0.128

0.095

0.320

0.272

0.172

0.960

0.720

0.666

0.383

2.8

1.449

0.813

0.618

0.579

0.518

0.100

0.390

0.327

0.278

0.239

0.820

0.734

0.673

0.477

0.177

0.133

2.9

1. 456

0.625

0.586

0.525

0.967

0.244

0.183

0.137

0.104

1,462

0.7410.6790.6320.593

0.9740.827

0.532

0.484

0.396

3.0

桩侧摩阻力沿桩身线性增长分布时的沉降影响系数（治松比μ=（0.4）表11-30-3

0.0200.0400.0600.0800.100|0.1200.1600.2000.300|0.4000.5000.6000.800

1.0001.200

1,6960.7350.4680.3310.2480.1939.1550.1070.0790.0450.0290.0210.0160.010 0.0060.004

1.1

0.0920.0600.0433.0330.0200.013

0.9500.6710.5160.4140.3400.2840.2070.158

0.009

1.2

1.916

1.3

0.2800.1780.1220.0890.0680.0420.0270.018

0.5880.5060.4420.347

1.1400.8570.697

1.4

2.107

0.324|0.2130,150|0.111|0.085|0.0530,0350.024

0.6400.5570.4920.394

1.5

2.161

1.194

0.911

0.751

0.5980.5320.432

1. 236

0.3600.2440.176

0.065

0.0430.029

2.203

0.953

0.792

0.681

0.132

0.102

1.6

0.3900.2710.1990.151

0.118

0.076

0.051

0.035

0.630

0.564

1.7

2.236

1.269

0.986

0.825

0.714

0.040

0.4160.2940.2190.169

0.133

0.087

0.059

1. 0140.853

1.8

2.264

1.297

0.741

0.657

0.591

0.490

2.288

0.097

0.066

0.046

1.0370.876

0.147

1. 9

1.320

0.764

0. 680

0.613

0.512

0.437

0.107

0.0740.052

2.308

0.1990.160

1.0570.8960.784

0.700

0.633

0.531

0.4560.331

0.253

2. 0

1.340

1.0740.9130.802|0.7170.6500.5480.4730.3470.2680.2130.1720.1170.0810.057

1.358

2.325

2.1

0.9290.8170.733

2.2

1.373

2.340

1. 090

00.7460.6790.5760.5010.3740.2930.2360.1940.1340.0950.069

2.354

2.3

1.387

1.103

0.942

0.830

0.6910.5880.5130.3850.3040.2460.2030.1420.102

0.954

0.074

2.366

2. 4

0.843

0.758

1.399

1.116

30.3950.313

0.2560.212

0.1500. 1080. 079

2.377

1.410

1.126

0.599

0.523

0.965

0.854

0.7690.702

2.5

0.1570.114

0.3230.2640.220

0.084

2.6

0.712

2.387

1.420

0.609

0.533

0.405

1.136

0.9750.864

0.779

2.396

1.145

0. 788

0.227

0.164

0.1200.089

0.721

0.618

0.542

0.414

0.331

0.272

2.7

1.429

0.9840.873

0.1250.093

0.280

0.235

0.170

2.4041.437

1.1540.9920.881

0.796

0.729

0.626

0.550

0.422

0.339

2.8

0.8880.8040.7360.6340.558

0.1300.098

0.241

0.176

2.4121.4451.161

0.429

2.9

1.000

0.346

0.286

1.1681.0070.8950.8110.741

0.2930.2470.181

0.5650.4360.352

0.1350.102

0.641

3.0

2.4191.452
