[PAGE 256]

一般建（构）筑物低承台桩基设计与计算第三篇第十一章续上表Le/Be 1/d

0.297

0.286

0. 274

0.260

0.244

0.202

0.225

0.173

0.132

0.063

1.786

1. 779

1. 770

1.708

1. 698

1. 686

1.616

1.633

C

1.534

1.441

4.208

4. 482

4.293

4.246

4.555

4.900

4. 650

5.081

5.578

C2

6.114

0.271

0.249

0.261

0.236

0. 221

0.203

0.154

0.181

0.117

0.055

C

1. 768

1. 771

1.701

1. 764

1.696

1.691

1. 640

1.555

1.633

1.477

C

4.477

4. 581

4.524

4. 799

4.887

5.298

5.004

5.524

6.122

C2

6.843

0.233

0.223

0.186

0.200

0.212

0. 170

0.127

0.151

0.095

C

0.044

1. 770

1, 765

1.708

1, 774

1.714

1. 720

1.673

1.681

1.611

1.555

C

5,163

5.085

5.021

5.436

6,402

5.713

5.556

6.093

7.195

C2

8.261

0. 205

0. 196

0.186

0.175

0.148

0.162

0. 081

0.130

0. 109

0. 036

1. 775

1.787

1.730

1. 800

1.745

G

1.718

1. 762

1.740

1.764

1.636

5. 650

5.569

5.749

6.227

6. 077

6.424

C

8.258

7.277

6.887

9.648

0. 175

0.183

0. 166

0.156

0.144

0.115

0. 131

0.096

Co

0.031

0.071

1.811

1.832

1.791

1.758

1.783

1.810

1.768

1. 805

1. 742

1.719

6.219

6.338

6.120

6.721

6. 902

8.152

7.138

7.684

9.319

C2

11. 02

0. 166

0. 158

0. 150

0.140

0.130

0.103

0.117

0.086

0. 063

0.028

Co

1.812

1. 839

1. 867

1.789

1.824

1.861

1.821

1. 811

1.872

1.803

C

7.369

6. 929

7.580

6. 789

6.672

8.485

7.856

9.029

Ca

10.38

12.39

0.153

0.145

0.137

0. 128

0, 118

0.107

0.093

0.077

0.057

Co

0.025

1.834

1. 868

1.822

1. 904

1.866

1. 914

1.876

1.940

1. 882

1.887

7.362

7.226

7.524

9.291

8.020

8.578

8.262

11.45

C

9.911

13.75

0.133

0.126

0.140

0.117

0. 108

0. 098

0.071

0.085

0.051

Co

0.022

1. 858

1. 899

1. 943

1.857

1. 909

2.009

1. 967

1.953

1.931

C

1.972

7.782

7.938

8.122

8.674

8.949

12.52

10. 80

10.10

C

15.12

0.130

0,123

0.117

0.109

0. 100

0.065

0.090

0.079

Ca

0.021

0.047

1. 883

1.931

1.981

1.891

1.953

2.079

2.021

1. 986

C

2.057

2. 025

8.515

8.339

8.515

10. 04

9.639

9.331

C

10.92

13. 60

11. 69

16.49

表11-27-4

桩基等效沉降系数计算参数表（s/d=5）Le/Be l/d

0.628

0. 617

0.587

0.603

0.510

0.567

0.543

0.389

0. 464

0.203

C。

2.761

2.695

2.821

2.599

2,514

2.416

2.227

2,120

1.416

1.864

C1

3,008

3.018

3. 045

2.973

2.824

2.957

2. 652

1. 941

C2

0.467

0. 480

0.453

0.437

0.417

0.323

0.394

0.364

0.125

0.260

2. 099

2,065

2.131

1.996

1. 952

1.349

1.818

1.740

1.902

1,593

C

3.112

3.116

3.206

3.201

3.120

3.208

3.278

3.255

3.301

2.959

C

0.393

0.364

0.379

0.405

0.345

0.323

0.295

0.257

0.202

0.093

Co

1.938

1.916

1.893

1.829

1. 800

1.766

1.645

1. 697

1.528

1.351

C

3.314

3.329

3.301

3.465

3. 492

3.442

3.614

3. 825

3.649

3.724

C2
