[PAGE 170]

第二篇第七章桩在水平荷载下的承载力与位移y=H+MM(7-8)P=—HMQ+M然后根据式（7-5）求得地面下任意深度x处桩身的侧向位移y、转角、弯矩M和剪力Q。

2.荷载作用在地表桩顶处时的无量纲计算法在水平力和力矩作用下，弹性长桩（ah≥4.0）的桩身变形和弯矩，可按下列规定确定。

（1）桩顶可自由转动[图7-5a）]，在水平力H，和力矩M=HI作用下，桩身水平位移和弯矩可按下式计算：

(7-9a)

α² EI

αEI

HoAm+MBm

M=

(7-9b)

a)

桩身最大弯矩的位置zm、最大弯矩可按下式计算：

Mg

2m=h/a

(7-10)

M=MC或Mmx=HD/α(7-11)桩身在泥面或泥面以下的变形（m）;

式中：

y

b)

作用下泥面处的水平荷载（kN）；

Ho

图7-5桩顶边界条件的两种情况分别为变形和弯矩的无量纲系数（表Ay、By、Am、Bm a）情况1;b)情况2 7-3）查得；

作用在泥面处的弯矩（kN·m）;

Mo-桩侧地基士的水平抗力系数随浓度增长的比例系数（kN·m）;

u

桩身最大弯矩距泥面深度（m）；

Zm

换算深度（m），根据C=αM/H或D=H/aM由表7-3查得；

无量纲系数，根据h=αzm按表7-3查得；

C、D

桩身最大弯矩（kN·m）。

Muax

m法计算用无量纲系数表表7-3换算深度C B Di Ci Ay Bm Aq By Am=αxm

1.621

1.751

2.441

1. 621

-1.651

131.318

131.252

0.008

2.279

0. 100

—1.616

1. 001

1.451

0.1

34.317

-1.601

1.551

34.168

0.029

1.004

0.197

866 °0

2.118

1.291

0.2

1.012

15.738

-1.577

1. 451

15.544

0.064

0.290

0.994

0.3

1.141

1. 959

9. 037

-1.543

-1.352

0.114

1. 029

8.781

0. 986

0. 4

1.803

1.001

0.377

1.057

5.856

5.539

0.181

-1.254

0. 458

-1.502

1. 650

0.870

0. 975

0.5

4.138

0.270

-1.157

3.710

1.101

0.529

0.959

-1. 452

1.503

0.750

0.6

1.169

2. 999

1.062

2.566

0.390

0.592

0.938

1.396

0.639

1. 360

0.7

1.274

2.282

1.791

0.558

1.334

0.970

0.913

1.224

0.537

0.646

1. 784

1. 441

0.689

1. 238

0.808

-1.267

0.880

0.884

0.9

1. 094

0.445

1.728

1.213

1. 424

0.824

- 1. 196

-0.793

0. 970

0.723

0.851

1.0

0.361
