[PAGE 426]

第三篇第十六章动力机器桩基设计与计算当桩尖固定时上述各式中只是F（X）值不同，其刚度和阻尼系数

0.10

的表达式一样。但是根据对F（X）值的研究可知：当L/r>25后，桩=0.7与v无关

0.08

尖无论是饺支或固定，桩的刚度和阻尼系数几乎是相同的，桩尖条件的影响比静力情况下要小（Poulos，1973）。

0.0

0.04

对于端承桩或端承一摩擦型桩的竖向刚度和阻尼参数f、fw可.05按图16-27曲线查用，图中曲线是对钢筋混凝土桩质量比p/p=0.7，

0.04

0.03Y

0.02

波速比u/=0.05~0.01，a≤0.3，且与v无关的情况下得到的。

是桩周土的质量密度和剪切波速度；P、是桩的质量密度和纵iro波速度；a是无量纲频率；v是土的泊松比。

图16-27fw~1./ro钢筋混凝土单桩的水平、回转及水平—回转耦合刚度及阻尼参数fu、f、f、f、f、f2值可按表16-5查用。

钢筋混凝土桩（L/m>25）水平，回转和水平一回转刚度及阻尼参数[5]表16-5刚度参数阻尼参数V Pp fu fupl fq f fuz fugz

0.01

0. 003 6

0. 202

0.0194

0.008 4

-0.028 0

0.139

0.02

0.0100

0.285

-0. 038 8

0.023 8

0.200

-0. 056 6

0. 4

0. 7

0.03

0.0185

0.349

0.043 8

0.058 2

0. 243

-0. 084 8

0. 028 4

0. 04

0.403

0. 077 6

0,067 4

-0.1130

0.281

0. 05

0.0397

0.450

0.0970

0.094 2

0.314

0.1410

0.01

0. 0032

0.195

-0. 018 1

0.007 6

0.135

0.026 2

0.0090

0.02

-0. 036 2

0.275

0.0215

0.192

-0.052 9

0.25

0.7

0.03

0.0166

0.337

0. 054 3

0.039 5

0.235

0.079 3

0. 04

0.025 6

0.389

-0.072 4

0.060 8

0.272

—0. 105 7

0.05

0.035 8

0.435

-0. 090 5

0.0850

0.304

0.132 1

单桩扭转刚度和阻尼参数fu、f与诸多因素有关。根据M·Novak等（1978）的理论分析研究：如p/p,=1,L/r=40,当G,/G,=0. 02,a=0.5 时 f=0. 140,f=0.065;当G,/G,=0. 002,a=0. 5时，f=0.050,f=0.020。

（二）桩基（群桩）的刚度及阻尼比群桩的刚度和阻尼不能简单地看成是单桩刚度（或阻尼）的总和。因为群桩的工作性状比较复杂，它不仅涉及动荷性质、土的性质，而且与桩数、桩间距、桩长、桩横截面尺寸等有关，当桩间距s>6d（d为桩径）的情况下，群桩刚度可近似认为是单桩刚度之和。但当s≤6d时就不能按单桩刚度之和来计算，此时一根桩的位移将引起邻近桩的位移。桩之间发生波的相互逸散，其结果导致群桩的刚度（或阻尼）比单桩的刚度（或阻尼）之和要小。M·NovakandR·F·Grigg（1976）根据H·G·Poulos（1968）对静力群桩的分析成果应用于低频稳态振动，得到群桩竖向振动刚度和阻尼比的计算公式如下K(16-138)式中：n——桩数；

竖向位移相互作用因素，选择一根参考桩（一般选角桩）αA=1，其他各桩根据查看图2ro 16-28曲线（s为参考桩与任一根桩之间距离）；

单桩竖向刚度。
