[PAGE 347]

桩基工程手册（桩和桩基础手册）力之和”的压应力段计算；

基础底面至第i层土、第²1层土底面的距离（m）；

xi2i-1

基础底面计算点至第i层七、第i-1层上底面范围内平均附加压应力系数，可按表14-24 a、a1取用；

基底压应力（kPa），当x/b>1时，p采用基底平均压应力；x/b≤1时，p按压应力图形采用距最人压应力点6/4～6/3处的压应力（对梯形图形前后端压应力差值较大时，可采用上述6/4处的压应力值；反之，则采用上述6/3处压应力值），以上6为矩形基底宽度（m）；

基底埋置深度（m），当基础受水流冲刷时，从一般冲刷线算起；当不受水流冲刷时，从天然地面算起，如位于挖方内，则由开挖后的地面算起；

h内上的重度（kN/m²），基底为透水地基时水位以下取浮重度。

Y

沉降计算经验系数V

表14-23

E,(MPa)

2.5

7.0

4.0

15.0

20.0

基底附加压应力

p≥[fa]

1.4

0. 4

0.2

1.3

1.0

1.1

1.0

0. 7

0. 4

p≤0.75[f]

0.2

注：①表中为地基承载力基本容许值；

②表中E为沉降计算范围内压缩模量的当量值，应按下列公式计算：

ZA

E.

式中：A

第i层土的附加压应力系数沿土层厚度的积分值。

矩形面积上均布荷载作用下中点平均附加压应力系数a表14-24 1/h

1.0

1.2

1.4

1.6

1. 8

2.0

2.4

2. 8

3.2

3.6

4.0

5. 0

≥10.0

x/h

0.0

1. 000

1. 000

1.000

1.000

1.000

1. 000

1. 000

1. 000

1. 000

1, 000

1. 000

1. 000

1. 000

0.998

0.997

0.998

0.998

0.998

0.998

0.1

0.998

0. 998

0.998

0. 998

0.998

0.987

0. 992

0.992

0.992

0.993

0.993

0.2

0.990

0.991

0.993

0.993

0.993

0.993

0.3

0.967

0. 976

0.978

0.979

0.979

0.980

0. 973

0. 980

186 *0

0. 981

0.981

0.981

0.981

0.947

0.936

0.4

0.965

0.961

0.962

0.963

0. 963

0.963

0.963

0.956

0.958

0. 962

0.5

0.915

0.924

0.929

0.933

0.935

0.937

0.940

0.939

0.939

0.940

0.940

0.940

0.914

0.890

0. 6

0. 903

0.906

0.912

0.913

0.915

0.915

0.858

0.878

0.898

0.910

0.914

0.7

0.840

0.855

0. 865

0. 871

0.884

0.816

0.881

0.888

0.876

0.885

0.886

0.887

0.887

0. 801

0.8

0. 775

0.819

0.839

0.844

0.855

0. 858

0. 859

0.831

0. 851

0.857

0. 860

0. 860

0. 764

0.831

0. 9

0. 735

0. 784

0. 797

0. 806

0.813

0. 826

0.829

0.830

0.830

0.836

0. 821

0. 807

1.0

0. 698

0.728

0.749

0.775

0.764

0.783

0.792

0.798

0.801

0.803

0. 806

0. 775

0.717

0. 777

1.1

0. 733

0.744

0.753

0. 771

0. 779

0. 780

0.782

0.663

0.694

0.764

1.2

0.631

0. 686

0.703

0.715

0.725

0. 737

0.744

0.749

0.752

0.754

0.756

0.758

0. 663

1.3

0.601

0.633

0.688

0.674

0.698

0.711

0. 719

0. 725

0.730

0.733

0.735

0.657

0. 728

0.573

0.605

0. 629

0.648

0.661

0. 672

0. 687

0.696

0.701

0.705

0. 708

0.711

0.714

1. 4

1.5

0. 548

0.580

0. 604

0.622

0.637

0. 664

0. 673

0.690

0.648

0.679

0.683

0.686

0.599

0.625

0.613

0. 651

1. 6

0.5240.556

0.580

0, 641

0.658

0.663

0.666

0.670

0.675
