[PAGE 171]

桩基工程手册（桩和桩基础手册）续上表换算深度Ay Am By Bm A h=azm G D C2

1.1

0. 850

0. 286

0.747

0,814

1.123

-0.710

0.503

1. 988

2.299

1.157

0.746

1.2

0.219

0.762

0.774

-1. 047

0. 630

4.071

0.246

3.876

0. 952

1.3

0.645

0. 160

0. 768

0.732

0.971

0.555

0.034

29.58

0.792

1.4

0.552

0.765

0.108

-0. 484

0.687

0. 894

0.145

6. 906

4.596

0. 666

1.6

0.388

0.024

0.737

0.594

0.743

0.356

0. 434

2.305

1. 128

0. 480

1.8

0.254

0.036

0. 685

0. 499

-0. 601

0.247

-1. 503

0.665

-0.530

0. 353

2.0

0.147

0. 076

0.614

0.407

0.471

-0.156

-0.865

-1.156

0.304

0.263

3.0

-0. 087

-0. 095

0,193

0.076

-0.070

+0.063

-1. 893

0.528

0. 026

0. 049

4.0

-0. 108

0.0003

0. 015

+0.085

0. 045

-22.500

0.011

注：①本表适用于桩尖置于非岩土中或支立于岩石面上：②本表仅适用于弹性长桩。

（2）桩顶嵌固而转角为零时，桩身变形和弯矩（图7-5b），可按下列公式计算：

Ha

y=(A,-0. 93B)α²EI(7-12)M=(A-0.93Bm)Ho/α)

(3）悬臀桩顶位移的计算公式桩身最大位移出现在桩顶。如图7-6所示的桩，已知桩露出地面长L，若桩顶点为自由端，其上作用了H及M，顶端的位移可应用叠加原理计算。

设桩顶的水平位移为y，它是由桩在地面处的水平位移yo、地面处转角9所引起在桩顶的位移9、桩露出地面段作为悬臂梁桩顶在水平力H作用下产生的水平位移yH以及在M作用下产生的水平位移yM组成：

PH

即

y=yPolo+yH+yM(7-13a)因逆时针为正，故式中用负号。

桩顶转角9则由地面处的转角9、桩顶在水平力H作用下引起的转角9：及弯矩作用下所引起的转角M组成图7-6桩顶位移计算即(7-13b)上两式中的yo、9可按计算所得的M=Hl十M及H。=H，分别代人式（7-9a）及式（7-9b）（此时式中的无量纲系数均用x=0时的数值）求得，即M+Hl。

H

A+

B

y=

(7-14)

α*EI

α²EI

M+Hl

H

B

(7-15)

α²EI

αEI
