[PAGE 258]

一般建（构）筑物低承台桩基设计与计算第十一章第三篇续上表Le/B 1/d

0.432

0. 419

0. 406

0.390

0.371

0.348

0.279

0.318

Co

0.093

0.219

1. 999

1. 975

1.882

1.949

1. 809

1.848

1.733

1.540

1.671

1.327

C

3.024

3.007

3.153

3.126

3.015

3.250

3.139

3.256

1.263

C

3.366

0.380

0.369

0.322

0.340

0.355

0.300

0.236

0.272

0.182

0.075

C

1.884

1.868

1.735

1.762

1. 850

1. 785

1,625

1.513

1. 669

1,344

C

3.227

3.214

3.243

3,428

3.374

3.607

3.398

3,565

3.740

3.815

C2

0.343

0.332

0. 304

0.319

0. 240

0.266

0.287

0.207

0.063

0.157

Co

1.816

1. 807

1. 731

1.796

1.717

1. 700

1.640

C

1.509

1. 610

1.368

3. 445

3.427

3. 659

3.468

3.468

3.659

3.877

4.242

3.950

4.311

C2

0.314

0.291

0.303

0.276

0.216

0. 240

0.260

0.184

0.139

C

0. 055

1. 699

1.769

1. 773

1. 627

1.692

1. 765

1.683

1, 608

1.516

C

1. 395

3.879

3.666

3.643

3.921

3.694

3.977

4.288

4. 659

4.187

C2

4.858

0.271

0.261

0.249

0.236

0.221

0.203

0.153

0.181

0. 114

0.044

1.721

1.727

1.671

1. 676

1.664

1. 733

1.627

1.626

1. 455

1. 545

4.151

4.078

4.111

4.386

4.528

4. 447

4.804

4.957

C

5.477

5.912

0.123

0.240

0.219

0.207

0.193

0. 177

0.157

0.132

0.097

Co

0.036

1.691

1.707

1.723

1. 687

1.669

1. 650

1.640

1.659

1.517

C

1.584

4.557

4.514

5.423

4.896

4.610

5. 080

4. 974

5.624

C2

6.287

6.939

0.216

0.207

0.196

0.172

0.185

0. 139

0.157

0. 085

0. 116

C。

0.031

1.697

1.672

1.722

1. 706

1.675

1.645

1.698

1,627

1.662

C

1.581

5.004

4.948

5.071

5.504

5. 406

6. 043

5.634

6. 292

C2

7.097

7.956

0. 188

0.178

0.196

0. 168

0.156

0.125

0.141

0. 104

0,076

C

0.028

1. 660

1. 692

1.726

1.686

1.646

1.728

1.740

1.688

1. 673

C

1.645

5.382

5. 450

6. 191

5.917

5.532

8. 968

6.667

6.035

6.964

7.908

Cg

0.172

0.180

0. 153

0.163

0,142

0.129

0.113

0. 094

0.068

Co

0.025

1.692

1.652

1.734

1.650

1.754

1. 700

1.716

1.708

1.720

1.783

C

6.428

5.994

5.814

5.896

6.569

7.640

7.293

6.751

8.724

9.981

0.159

0. 167

0.118

0.150

0.141

0.131

0.104

0.062

0. 086

0.022

Co

1.694

1.648

1.744

1. 716

1. 657

1.780

1.745

1.772

1.768

1.827

C

6.939

6.342

6.244

7.103

6.457

7.314

9.544

8.319

7.924

Ca

11. 00

0.140

0.148

0. 155

0.131

0.121

0. 110

0. 096

0. 079

0. 057

C

0.021

1.755

1.698

1. 646

1. 775

1. 665

1.733

1.808

1. 827

1.815

1. 835

6. 787

7.450

6.919

6.673

7.639

7.879

10.37

8.557

12.02

9.004

C2

5.上海地基基础设计规范的桩基沉降计算方法

(1）基本公式

上海地基基础设计规范采用明德林-盖得斯法计算土中应力，由式（11-58）表示的分层总和法计算沉降：

(11-58)

s=m

E=
